-0.96312
-0.95174
-0.93901
-0.92361
-0.90429
-0.87997
-0.84972
-0.81292
-0.76932
-0.71915
-0.6632
-0.60298
-0.54071
-0.47942
-0.42293
-0.37578
-0.34312
-0.33049
-0.34358
-0.38788
-0.46834
-0.58892
-0.75226
-0.95921
-1.2086
-1.4969
-1.8183
-2.1646
-2.5251
-2.8876
-3.2382
-3.5625
-3.8456
-4.0736
-4.2337
-4.3156
-4.3115
-4.2169
-4.0309
-3.7564
-3.3995
-2.9697
-2.479
-1.9416
-1.3723
-0.7864
-0.19839
0.37876
0.93425
1.46
1.9508
2.4045
2.8216
3.205
3.5592
3.8896
4.2017
4.5003
4.7885
5.0674
5.3357
5.5892
5.8209
6.0218
6.1809
6.2863
6.3258
6.2881
6.1637
5.9459
5.631
5.2195
4.7161
4.1296
3.4728
2.7618
2.0154
1.2544
0.49981
-0.22726
-0.90731
-1.5232
-2.0607
-2.5097
-2.8637
-3.1207
-3.2825
-3.3547
-3.3459
-3.2672
-3.1314
-2.952
-2.7426
-2.5162
-2.2846
-2.0578
-1.8438
-1.6485
-1.4759
-1.3278
-1.2043
-1.1045
-1.0262
-0.96663
-0.92294
-0.89219
-0.87172
-0.85927
-0.85304
-0.85169
-0.85426
-0.86012
-0.86879
-0.87992
-0.89316
-0.90814
-0.92449
-0.9419
-0.96018
-0.97944
-1.0002
-1.0234
-1.0507
-1.0844
-1.1273
-1.1827
-1.2542
-1.3454
-1.4597
-1.5996
-1.7667
-1.9612
-2.1816
-2.4244
-2.6844
-2.9542
-3.2247
-3.4855
-3.725
-3.9311
-4.0919
-4.196
-4.2335
-4.1961
-4.078
-3.8757
-3.5887
-3.2192
-2.7722
-2.2549
-1.6768
-1.049
-0.38338
0.30717
1.0099
1.7123
2.4025
3.0697
3.704
4.2967
4.8404
5.3283
5.7549
6.115
6.4044
6.6192
6.7559
6.8116
6.7838
6.6707
6.4714
6.186
5.8161
5.3645
4.8358
4.2365
3.5747
2.8604
2.1052
1.3224
0.5262
-0.26828
-1.0454
-1.7897
-2.4861
-3.1203
-3.6797
-4.1533
-4.5326
-4.8113
-4.9865
-5.058
-5.0289
-4.9058
-4.698
-4.4182
-4.0814
-3.7047
-3.3068
-2.9072
-2.5253
-2.1795
-1.8867
-1.6609
-1.5128
-1.4488
-1.471
-1.5763
-1.7569
-1.9999
-2.2886
-2.6024
-2.9184
-3.2119
-3.4583
-3.6338
-3.7171
-3.6902
-3.5396
-3.2569
-2.8393
-2.29
-1.6179
-0.83706
0.0337
0.97181
1.952
2.9473
3.9304
4.8745
5.7545
6.5476
7.2344
7.7988
8.2289
8.5163
8.6569
8.65
8.4981
8.207
7.7847
7.2416
6.5897
5.8425
5.015
4.1228
3.1827
2.2119
1.2282
0.2496
-0.70575
-1.6201
-2.4764
-3.2586
-3.9523
-4.545
-5.0272
-5.392
-5.6363
-5.7606
-5.7692
-5.6704
-5.4761
-5.2015
-4.8644
-4.4844
-4.0824
-3.6791
-3.2941
-2.9452
-2.647
-2.4105
-2.2422
-2.1437
-2.1116
-2.1378
-2.2096
-2.3105
-2.4211
-2.5203
-2.5861
-2.5972
-2.534
-2.3801
-2.1228
-1.7545
-1.2726
-0.68034
0.01348
0.79476
1.6446
2.5403
3.4561
4.3643
5.2368
6.0462
6.7665
7.375
7.8524
8.1842
8.3607
8.3775
8.2355
7.9406
7.5036
6.939
6.2648
5.5013
4.6706
3.7951
2.8972
1.9982
1.1175
0.27228
-0.52285
-1.2564
-1.9197
-2.5071
-3.0156
-3.4444
-3.795
-4.0699
-4.2731
-4.4091
-4.4829
-4.4994
-4.4638
-4.3812
-4.2566
-4.0952
-3.9028
-3.6854
-3.4499
-3.204
-2.9558
-2.7145
-2.4893
-2.2895
-2.1237
-1.9996
-1.9231
-1.8976
-1.9238
-1.999
-2.1171
-2.2683
-2.4395
-2.6148
-2.776
-2.9034
-2.9774
-2.9787
-2.8903
-2.698
-2.3917
-1.9661
-1.421
-0.76187
0.0005236
0.85016
1.7665
2.7255
3.7002
4.6623
5.5832
6.4347
7.1911
7.8289
8.3285
8.6745
8.8559
8.8667
8.7054
8.3755
7.8846
7.2447
6.4711
5.5827
4.6006
3.5483
2.4511
1.3348
0.22599
-0.84925
-1.8657
-2.8
-3.6311
-4.3412
-4.9164
-5.3472
-5.6292
-5.7633
-5.7557
-5.6181
-5.3669
-5.0229
-4.6102
-4.1552
-3.6853
-3.2273
-2.8063
-2.444
-2.1579
-1.96
-1.8563
-1.8462
-1.9229
-2.0737
-2.2805
-2.5213
-2.7711
-3.0039
-3.1937
-3.3163
-3.3506
-3.2797
-3.092
-2.7813
-2.3474
-1.796
-1.1378
-0.38827
0.43356
1.3059
2.2055
3.1084
3.9912
4.8314
5.6087
6.3047
6.9039
7.393
7.7617
8.0022
8.109
8.0791
7.9116
7.6078
7.1716
6.609
5.9285
5.1413
4.2614
3.3054
2.2924
1.244
0.18352
-0.86458
-1.8753
-2.824
-3.6877
-4.4457
-5.0807
-5.5798
-5.9346
-6.1426
-6.2062
-6.1337
-5.9382
-5.6373
-5.252
-4.806
-4.3243
-3.832
-3.3531
-2.9099
-2.5214
-2.2028
-1.9654
-1.8155
-1.7549
-1.7809
-1.8863
-2.0603
-2.2889
-2.5553
-2.841
-3.1264
-3.3915
-3.6164
-3.7825
-3.8726
-3.8719
-3.7683
-3.5532
-3.2214
-2.7718
-2.2076
-1.5363
-0.76963
0.076458
0.98232
1.925
2.8791
3.8173
4.7114
5.5337
6.2575
6.8587
7.3162
7.6136
7.7393
7.6874
7.458
7.0571
6.4967
5.794
4.9713
4.0546
3.0725
2.0556
1.0349
0.040297
-0.89997
-1.7609
-2.5216
-3.1659
-3.6828
-4.0671
-4.3192
-4.4448
-4.4548
-4.3643
-4.1916
-3.9579
-3.6855
-3.397
-3.1139
-2.8559
-2.6398
-2.4786
-2.3807
-2.3503
-2.3862
-2.4828
-2.6301
-2.8143
-3.0186
-3.2241
-3.4107
-3.5584
-3.6483
-3.6631
-3.5885
-3.4137
-3.1319
-2.7402
-2.2404
-1.6386
-0.94443
-0.17148
0.66386
1.5428
2.445
3.3489
4.2328
5.0753
5.8558
6.5552
7.1563
7.6442
8.0065
8.2339
8.3198
8.2614
8.0588
7.7158
7.2395
6.6404
5.9322
5.1313
4.2566
3.3292
2.3717
1.4072
0.4591
-0.44983
-1.2984
-2.0675
-2.7411
-3.3066
-3.7554
-4.0832
-4.2905
-4.3818
-4.3664
-4.2571
-4.0701
-3.8242
-3.5397
-3.2378
-2.9393
-2.664
-2.4293
-2.2495
-2.1353
-2.093
-2.1243
-2.2262
-2.391
-2.6065
-2.8571
-3.1239
-3.3862
-3.622
-3.8094
-3.9277
-3.9584
-3.886
-3.6989
-3.3904
-2.9584
-2.4058
-1.7408
-0.97585
-0.12777
0.78342
1.7352
2.7033
3.6631
4.5901
5.461
6.2543
6.9513
7.536
7.9957
8.3212
8.5066
8.5493
8.4499
8.2118
7.8411
7.3461
6.7374
6.0274
5.2301
4.3609
3.4368
2.4756
1.496
0.51734
-0.44087
-1.3594
-2.2196
-3.0042
-3.6979
-4.2874
-4.7629
-5.1179
-5.3497
-5.4598
-5.4541
-5.3424
-5.1384
-4.859
-4.5235
-4.1531
-3.7694
-3.3937
-3.0459
-2.7431
-2.4992
-2.324
-2.2222
-2.194
-2.2343
-2.3335
-2.4777
-2.6497
-2.8296
-2.9966
-3.1293
-3.2075
-3.2131
-3.131
-2.9502
-2.6641
-2.271
-1.774
-1.1811
-0.50454
0.23988
1.0334
1.8554
2.6842
3.4984
4.2772
5.002
5.6562
6.2265
6.7025
7.0774
7.3474
7.5119
7.5729
7.5346
7.4029
7.1848
6.8882
6.521
6.0914
5.6072
5.0758
4.5044
3.8998
3.2689
2.6187
1.9563
1.2898
0.62767
-0.020875
-0.64588
-1.237
-1.7836
-2.2755
-2.7032
-3.0587
-3.3356
-3.5304
-3.6423
-3.6739
-3.6313
-3.5239
-3.3645
-3.1684
-2.9529
-2.7364
-2.5374
-2.3731
-2.2587
-2.206
-2.2224
-2.3104
-2.4673
-2.6845
-2.9482
-3.2396
-3.5363
-3.8128
-4.0425
-4.1988
-4.2569
-4.1953
-3.9974
-3.652
-3.1549
-2.5092
-1.725
-0.81936
0.18417
1.257
2.3667
3.4782
4.5559
5.5648
6.4726
7.2503
7.8741
8.3256
8.5926
8.6694
8.5563
8.2597
7.7908
7.1655
6.403
5.525
4.555
3.5172
2.4358
1.3345
0.23612
-0.83813
-1.8685
-2.8368
-3.7271
-4.5252
-5.219
-5.7986
-6.2567
-6.5886
-6.7926
-6.8701
-6.826
-6.6684
-6.4092
-6.0633
-5.6486
-5.1853
-4.6948
-4.1995
-3.721
-3.2791
-2.8911
-2.5703
-2.3252
-2.1589
-2.0688
-2.0466
-2.0787
-2.1466
-2.2285
-2.3001
-2.3364
-2.3133
-2.209
-2.0058
-1.691
-1.2582
-0.70756
-0.046311
0.71173
1.5467
2.4339
3.3445
4.2481
5.1131
5.9093
6.6088
7.1877
7.6267
7.9121
8.036
7.9966
7.7975
7.4472
6.9587
6.3481
5.6339
4.8359
3.9745
3.0697
2.1411
1.2068
0.28348
-0.61334
-1.4697
-2.273
-3.0116
-3.6751
-4.2544
-4.7411
-5.1286
-5.4119
-5.5882
-5.6571
-5.6211
-5.4863
-5.2619
-4.9609
-4.5994
-4.1965
-3.7733
-3.3523
-2.956
-2.6058
-2.3208
-2.1165
-2.0036
-1.9875
-2.0675
-2.2364
-2.4814
-2.7836
-3.1198
-3.4635
-3.786
-4.0586
-4.2535
-4.3462
-4.3162
-4.1485
-3.8345
-3.3723
-2.7666
-2.0291
-1.1771
-0.233
0.77694
1.8239
2.8778
3.9086
4.8878
5.789
6.5895
7.2701
7.8163
8.218
8.4696
8.5701
8.5221
8.3319
8.009
7.565
7.0138
6.3703
5.6507
4.8715
4.0492
3.2005
2.3413
1.4872
0.6528
-0.14828
-0.90343
-1.6013
-2.232
-2.7869
-3.2594
-3.6444
-3.9389
-4.142
-4.2549
-4.2815
-4.2276
-4.1017
-3.9143
-3.6782
-3.4077
-3.1185
-2.827
-2.5499
-2.303
-2.1011
-1.9566
-1.8791
-1.8748
-1.9455
-2.0888
-2.2978
-2.561
-2.8628
-3.1841
-3.5033
-3.7971
-4.0417
-4.2144
-4.2943
-4.2637
-4.1095
-3.8233
-3.4023
-2.8497
-2.174
-1.3893
-0.51409
0.4293
1.416
2.4198
3.414
4.3729
5.2724
6.0912
6.8112
7.4178
7.9
8.2507
8.4659
8.5449
8.4894
8.3033
7.9923
7.5637
7.0256
6.3876
5.6601
4.8548
3.9847
3.0641
2.1088
1.1362
0.16496
-0.78519
-1.6939
-2.5407
-3.3062
-3.9724
-4.5241
-4.9493
-5.2407
-5.3956
-5.4171
-5.3133
-5.0983
-4.7905
-4.4126
-3.9904
-3.551
-3.1217
-2.7283
-2.3938
-2.1368
-1.9701
-1.9008
-1.9287
-2.0471
-2.2429
-2.497
-2.7863
-3.084
-3.3621
-3.5926
-3.7492
-3.8087
-3.7527
-3.5681
-3.2482
-2.7925
-2.2071
-1.5039
-0.6999
0.1836
1.1224
2.0905
3.0615
4.0094
4.91
5.7415
6.4854
7.1264
7.6528
8.0566
8.3331
8.4804
8.4995
8.3934
8.1669
7.8263
7.3791
6.8336
6.1992
5.4859
4.7047
3.8677
2.9875
2.0782
1.1544
0.2318
-0.67349
-1.545
-2.3664
-3.1218
-3.7968
-4.3783
-4.8556
-5.2209
-5.4694
-5.6
-5.6155
-5.5225
-5.3312
-5.0557
-4.7127
-4.3215
-3.903
-3.4788
-3.0702
-2.6971
-2.3773
-2.125
-1.9507
-1.86
-1.8534
-1.9263
-2.0687
-2.2661
-2.4998
-2.7481
-2.9871
-3.1925
-3.3403
-3.4086
-3.3786
-3.2357
-2.9705
-2.5793
-2.0641
-1.4328
-0.69876
0.12016
1.0023
1.9234
2.858
3.7804
4.666
5.4924
6.2401
6.8934
7.4402
7.8725
8.1861
8.3801
8.4564
8.4192
8.2739
8.027
7.6852
7.2551
6.7432
6.1555
5.498
4.7768
3.9986
3.1712
2.3036
1.407
0.49435
-0.41924
-1.3167
-2.1796
-2.9884
-3.7237
-4.367
-4.9016
-5.3138
-5.5941
-5.7375
-5.7446
-5.6217
-5.3808
-5.0393
-4.6191
-4.146
-3.6482
-3.1546
-2.6937
-2.2914
-1.9701
-1.747
-1.6333
-1.6331
-1.7434
-1.9545
-2.2496
-2.6067
-2.9993
-3.398
-3.7721
-4.0917
-4.3285
-4.4585
-4.462
-4.3258
-4.0428
-3.6128
-3.042
-2.3429
-1.533
-0.63409
0.32931
1.3308
2.3439
3.3425
4.3026
5.2028
6.0245
6.7529
7.3764
7.8867
8.2786
8.5493
8.6982
8.7261
8.6351
8.4281
8.1088
7.6814
7.151
6.5235
5.806
5.0074
4.1382
3.211
2.2406
1.244
0.2401
-0.75076
-1.7071
-2.6074
-3.4304
-4.1567
-4.7691
-5.2539
-5.6016
-5.8071
-5.871
-5.7988
-5.6017
-5.2956
-4.9006
-4.4405
-3.9412
-3.4299
-2.9335
-2.4776
-2.085
-1.7747
-1.5609
-1.4523
-1.4517
-1.5558
-1.7555
-2.0363
-2.3789
-2.7604
-3.1555
-3.5376
-3.8799
-4.1573
-4.3472
-4.4305
-4.3928
-4.2244
-3.9216
-3.4857
-2.9236
-2.2469
-1.4714
-0.61646
0.29648
1.2443
2.2036
3.1514
4.066
4.9276
5.719
6.4256
7.036
7.5411
7.935
8.2138
8.3755
8.4201
8.3483
8.1623
7.8645
7.4584
6.9478
6.3377
5.6338
4.8435
3.9758
3.0417
2.0545
1.03
-0.013761
-1.0565
-2.0762
-3.0498
-3.9538
-4.7656
-5.4643
-6.0315
-6.4533
-6.7201
-6.8283
-6.7802
-6.5847
-6.2565
-5.8164
-5.2897
-4.7055
-4.0952
-3.4908
-2.9232
-2.4206
-2.0071
-1.7009
-1.514
-1.4509
-1.5085
-1.6766
-1.9385
-2.2714
-2.6484
-3.0399
-3.4152
-3.744
-3.9987
-4.1549
-4.1938
-4.1021
-3.8728
-3.5058
-3.0069
-2.388
-1.6656
-0.86019
0.0050364
0.90554
1.8165
2.714
3.5759
4.3825
5.1172
5.7667
6.321
6.7733
7.1196
7.3586
7.4908
7.5183
7.4446
7.2737
7.0102
6.659
6.2255
5.7152
5.1342
4.4892
3.7879
3.0389
2.2521
1.4384
0.61039
-0.21849
-1.0337
-1.8203
-2.563
-3.2468
-3.8578
-4.3836
-4.8138
-5.1408
-5.36
-5.4704
-5.4749
-5.3799
-5.1958
-4.9363
-4.6176
-4.2586
-3.8792
-3.4996
-3.1395
-2.8167
-2.5463
-2.34
-2.2048
-2.1432
-2.1523
-2.2243
-2.3471
-2.5041
-2.6759
-2.8413
-2.9782
-3.0653
-3.0832
-3.0158
-2.851
-2.5816
-2.2057
-1.7266
-1.1528
-0.49715
0.22391
0.99151
1.7854
2.5854
3.3721
4.1281
4.8388
5.4927
6.0813
6.5993
7.044
7.4147
7.7119
7.9362
8.0882
8.1674
8.172
8.0985
7.9425
7.6984
7.3606
6.9244
6.3868
5.7474
5.0097
4.1814
3.2752
2.3085
1.3031
0.28498
-0.71757
-1.6747
-2.5571
-3.337
-3.9908
-4.4998
-4.8519
-5.0423
-5.0742
-4.9583
-4.7129
-4.3624
-3.9362
-3.4667
-2.9876
-2.5314
-2.1283
-1.8035
-1.5762
-1.4582
-1.4538
-1.559
-1.7623
-2.0452
-2.384
-2.7505
-3.1146
-3.4457
-3.7144
-3.8946
-3.9647
-3.9084
-3.7163
-3.3852
-2.9188
-2.3267
-1.6242
-0.8307
0.031269
0.93723
1.8622
2.7816
3.6728
4.5152
5.2914
5.9872
6.5915
7.0967
7.4978
7.792
7.9787
8.0583
8.0324
7.903
7.6726
7.3438
6.9198
6.4043
5.8018
5.1183
4.3611
3.5395
2.6649
1.7511
0.8138
-0.12929
-1.0589
-1.955
-2.7972
-3.5657
-4.2424
-4.8113
-5.2598
-5.579
-5.7647
-5.8174
-5.7426
-5.5509
-5.2573
-4.8809
-4.4439
-3.9709
-3.4876
-3.0194
-2.5906
-2.2228
-1.934
-1.7376
-1.6417
-1.6484
-1.7542
-1.9493
-2.2187
-2.5427
-2.8977
-3.2579
-3.596
-3.8852
-4.1002
-4.2188
-4.223
-4.0997
-3.8417
-3.4477
-2.9226
-2.2768
-1.526
-0.6897
0.20925
1.1462
2.096
3.0337
3.9363
4.7828
5.5558
6.2408
6.8274
7.3082
7.6792
7.939
8.0885
8.1298
8.0662
7.9015
7.6394
7.2839
6.839
6.3087
5.6975
5.0109
4.2555
3.4398
2.5741
1.6712
0.74614
-0.18401
-1.1003
-1.9825
-2.8101
-3.5628
-4.222
-4.7713
-5.1977
-5.4926
-5.652
-5.6774
-5.5757
-5.3593
-5.0451
-4.6544
-4.2115
-3.7427
-3.2747
-2.8335
-2.4429
-2.1229
-1.8891
-1.7514
-1.7136
-1.773
-1.921
-2.1426
-2.4183
-2.7244
-3.0347
-3.3216
-3.5581
-3.7189
-3.7817
-3.729
-3.5483
-3.2331
-2.7833
-2.2048
-1.5094
-0.71376
0.16106
1.0911
2.0506
3.0133
3.9533
4.8465
5.6715
6.4099
7.0467
7.5709
7.9749
8.2546
8.4086
8.438
8.3458
8.1363
7.8148
7.3871
6.8597
6.2392
5.5332
4.7501
3.8993
2.9919
2.0406
1.0602
0.067547
-0.91886
-1.8789
-2.7917
-3.6361
-4.3918
-5.0403
-5.5662
-5.9576
-6.2075
-6.3143
-6.2821
-6.1209
-5.8462
-5.4784
-5.0418
-4.5636
-4.072
-3.5952
-3.1593
-2.7872
-2.4971
-2.3014
-2.2063
-2.2111
-2.3085
-2.4851
-2.7223
-2.9974
-3.2848
-3.5579
-3.7904
-3.9579
-4.0389
-4.0165
-3.8787
-3.6189
-3.2361
-2.735
-2.1248
-1.4191
-0.63496
0.2085
1.0907
1.9907
2.8882
3.7636
4.5996
5.3804
6.0925
6.7247
7.2677
7.7138
8.0572
8.2931
8.418
8.4291
8.3249
8.1045
7.7684
7.3184
6.7578
6.092
5.3285
4.4774
3.5511
2.5648
1.5361
0.4848
-0.56761
-1.5984
-2.5844
-3.5028
-4.3319
-5.0523
-5.6475
-6.1048
-6.4163
-6.5786
-6.5943
-6.471
-6.2219
-5.865
-5.4225
-4.9198
-4.3848
-3.8459
-3.3313
-2.8672
-2.4765
-2.1778
-1.9841
-1.9022
-1.9322
-2.0673
-2.2944
-2.5943
-2.9431
-3.313
-3.6744
-3.9968
-4.251
-4.4102
-4.4521
-4.3591
-4.1204
-3.7313
-3.1943
-2.5183
-1.7185
-0.81478
0.16854
1.2046
2.2651
3.3215
4.3466
5.3152
6.2049
6.9971
7.6766
8.2323
8.6565
8.945
9.0963
9.1113
8.9927
8.7448
8.3732
7.8843
7.2858
6.5866
5.797
4.9289
3.9963
3.0151
2.0036
0.98194
-0.028012
-1.0032
-1.9204
-2.7568
-3.4913
-4.1058
-4.5859
-4.9223
-5.1113
-5.1557
-5.0644
-4.8527
-4.5415
-4.1563
-3.726
-3.2811
-2.8523
-2.4683
-2.1547
-1.9315
-1.8128
-1.8051
-1.9075
-2.1111
-2.3999
-2.7516
-3.1389
-3.5312
-3.8961
-4.2019
-4.4185
-4.5203
-4.4863
-4.3023
-3.9608
-3.4619
-2.8126
-2.0266
-1.1233
-0.1267
0.93565
2.0344
3.1394
4.2213
5.2523
6.2074
7.0648
7.8064
8.4182
8.8901
9.2159
9.3928
9.4213
9.3047
9.0485
8.6605
8.1501
7.5283
6.8072
6.0002
5.1217
4.1871
3.2126
2.2149
1.2115
0.21994
-0.74218
-1.6577
-2.5102
-3.2846
-3.9674
-4.5472
-5.0152
-5.3657
-5.5959
-5.7067
-5.7025
-5.5912
-5.384
-5.0953
-4.742
-4.3432
-3.9193
-3.4911
-3.0795
-2.7037
-2.3813
-2.1266
-1.9503
-1.8587
-1.8536
-1.9315
-2.084
-2.2982
-2.5568
-2.8392
-3.1224
-3.3819
-3.5933
-3.7331
-3.7804
-3.7177
-3.5316
-3.2142
-2.763
-2.1812
-1.4776
-0.66634
0.23406
1.2012
2.2101
3.2339
4.2455
5.2182
6.1267
6.9483
7.6631
8.2548
8.7109
9.0228
9.1859
9.199
9.0646
8.788
8.3773
7.8426
7.1961
6.4514
5.6233
4.7276
3.7808
2.8
1.8028
0.80672
-0.17032
-1.1108
-1.9977
-2.8149
-3.5472
-4.1815
-4.7065
-5.1139
-5.3981
-5.5574
-5.5936
-5.5126
-5.3245
-5.043
-4.6855
-4.2723
-3.8258
-3.3698
-2.9282
-2.5238
-2.1775
-1.9067
-1.7245
-1.6389
-1.6521
-1.7602
-1.9534
-2.2161
-2.5279
-2.8643
-3.1982
-3.5015
-3.7461
-3.9059
-3.9582
-3.8847
-3.6728
-3.3161
-2.8149
-2.1761
-1.4126
-0.54292
0.40997
1.4198
2.4583
3.4965
4.506
5.4599
6.3342
7.1082
7.7649
8.2915
8.6793
8.9235
9.0229
8.9796
8.798
8.4853
8.0501
7.5026
6.854
6.1167
5.3036
4.4286
3.5061
2.5513
1.58
0.60842
-0.34689
-1.2693
-2.1423
-2.9503
-3.6784
-4.3136
-4.8448
-5.2633
-5.5635
-5.7427
-5.802
-5.7457
-5.582
-5.3221
-4.9805
-4.5744
-4.1229
-3.6467
-3.1672
-2.7057
-2.2827
-1.9169
-1.6244
-1.4184
-1.3077
-1.2971
-1.3864
-1.5705
-1.8394
-2.1785
-2.5688
-2.9879
-3.4108
-3.8109
-4.1612
-4.4352
-4.6089
-4.6612
-4.5755
-4.3402
-3.9498
-3.405
-2.7129
-1.8867
-0.94533
0.087289
1.1834
2.3127
3.4432
4.5431
5.5818
6.5312
7.3667
8.0682
8.6205
9.0136
9.2431
9.3094
9.2179
8.9777
8.6016
8.1046
7.5035
6.8158
6.0594
5.2514
4.4084
3.5455
2.6766
1.8144
0.97024
0.15439
-0.62366
-1.3551
-2.0317
-2.6457
-3.1898
-3.6574
-4.0429
-4.3418
-4.5512
-4.6701
-4.7002
-4.6453
-4.5126
-4.3115
-4.0547
-3.7569
-3.4348
-3.1063
-2.7895
-2.5022
-2.2604
-2.078
-1.9653
-1.9285
-1.9696
-2.0854
-2.2679
-2.5045
-2.7784
-3.0694
-3.3549
-3.611
-3.8138
-3.9405
-3.971
-3.8883
-3.6803
-3.3397
-2.865
-2.2605
-1.536
-0.70674
0.20771
1.184
2.1962
3.2171
4.2189
5.1751
6.0614
6.8563
7.5425
8.1071
8.5423
8.8453
9.0183
9.0682
9.0061
8.8464
8.6063
8.3047
7.9612
7.5955
7.2261
6.8698
6.5411
6.2513
6.0087
5.8182
5.6812
5.5961
5.5585
5.5617
5.5971
5.6555
5.7268
5.8017
5.8715
5.9292
5.9695
5.9893
5.9879
5.9668
5.9294
5.8809
5.8276
5.7764
5.7341
5.707
5.6998
5.7157
5.7552
5.8169
5.8964
5.9874
6.0813
6.1684
6.2382
6.2805
6.286
6.2474
6.16
6.0225
5.8372
5.6103
5.3516
5.0743
4.7942
4.5283
4.2946
4.1099
3.9894
3.945
3.9844
4.1108
4.322
4.6109
4.9653
5.3695
5.8044
6.2496
6.6844
7.0898
7.4491
7.7498
7.9844
8.1505
8.2513
8.2949
8.2937
8.2631
8.2198
8.1809
8.1613
8.173
8.2233
8.3142
8.4417
8.5963
8.7629
8.9225
9.0532
9.1319
9.1363
9.0467
8.8477
8.5291
8.0877
7.5268
6.8567
6.0939
5.26
4.3804
3.4821
2.5925
1.7372
0.93836
0.2137
-0.42459
-0.97019
-1.4226
-1.7864
-2.0707
-2.2874
-2.4501
-2.5726
-2.6672
-2.7439
-2.8094
-2.8665
-2.914
-2.9472
-2.9579
-2.9362
-2.8706
-2.7499
-2.5639
-2.3045
-1.9663
-1.5476
-1.0502
-0.47959
0.15536
0.84288
1.5689
2.3178
3.0729
3.8175
4.5351
5.21
5.8275
6.3743
6.8385
7.2098
7.4791
7.6391
7.6843
7.6106
7.4161
7.1013
6.6689
6.1245
5.4765
4.7366
3.9193
3.0417
2.1235
1.1863
0.25247
-0.655
-1.5139
-2.3037
-3.0062
-3.6064
-4.0933
-4.4603
-4.7052
-4.8307
-4.8434
-4.7544
-4.5778
-4.3305
-4.031
-3.699
-3.354
-3.0149
-2.6992
-2.422
-2.1957
-2.0299
-1.9305
-1.9
-1.9373
-2.0379
-2.1938
-2.3943
-2.6261
-2.8737
-3.1201
-3.3475
-3.5379
-3.6738
-3.7388
-3.7184
-3.6007
-3.3769
-3.0417
-2.5936
-2.0353
-1.3734
-0.61861
0.21488
1.1096
2.0454
3.0003
3.951
4.8737
5.745
6.5425
7.2454
7.8356
8.2975
8.619
8.7914
8.8098
8.6733
8.3845
7.9499
7.3792
6.6857
5.885
4.9956
4.0375
3.0325
2.0032
0.97242
-0.037039
-1.0033
-1.9059
-2.7264
-3.4485
-4.0591
-4.5486
-4.9106
-5.143
-5.2473
-5.2291
-5.0979
-4.8665
-4.5508
-4.1692
-3.742
-3.2905
-2.8366
-2.4013
-2.0044
-1.6634
-1.3932
-1.2046
-1.1049
-1.0967
-1.1781
-1.3427
-1.5801
-1.8759
-2.2125
-2.5698
-2.9262
-3.2593
-3.5469
-3.7681
-3.9039
-3.9381
-3.8578
-3.6542
-3.3227
-2.8633
-2.2802
-1.582
-0.78163
0.10463
1.0572
2.0539
3.0706
4.0821
5.0626
5.9864
6.8292
7.568
8.1826
8.6557
8.9738
9.1277
9.1123
8.9277
8.5786
8.0743
7.4288
6.6596
5.7879
4.8372
3.8329
2.8009
1.7673
0.75671
-0.20791
-1.1064
-1.9216
-2.6402
-3.2527
-3.7533
-4.1402
-4.415
-4.5824
-4.6498
-4.627
-4.5254
-4.3576
-4.1371
-3.8779
-3.5941
-3.2996
-3.0076
-2.7311
-2.4816
-2.2697
-2.1042
-1.9924
-1.9392
-1.947
-2.0157
-2.1422
-2.3204
-2.5412
-2.7926
-3.0603
-3.3278
-3.5772
-3.7901
-3.9481
-4.034
-4.0323
-3.9304
-3.719
-3.3928
-2.9508
-2.3963
-1.7371
-0.98513
-0.15592
0.732
1.6578
2.5991
3.5329
4.4363
5.2875
6.0658
6.7531
7.3336
7.7943
8.1254
8.32
8.3746
8.2886
8.0642
7.7066
7.2235
6.625
5.9233
5.1326
4.269
3.3497
2.3933
1.4192
0.44719
-0.50292
-1.4117
-2.2608
-3.0332
-3.7139
-4.2902
-4.7527
-5.0949
-5.3144
-5.4121
-5.3932
-5.2665
-5.0445
-4.7428
-4.3797
-3.9754
-3.5513
-3.1291
-2.7299
-2.3732
-2.0761
-1.8521
-1.7111
-1.6582
-1.6937
-1.8131
-2.0068
-2.261
-2.558
-2.8772
-3.1959
-3.4906
-3.7379
-3.916
-4.0055
-3.9904
-3.859
-3.6043
-3.2243
-2.7221
-2.1056
-1.387
-0.58254
0.28898
1.2065
2.148
3.091
4.0139
4.8963
5.7197
6.4678
7.127
7.6863
8.137
8.4731
8.6908
8.7881
8.765
8.6229
8.3646
7.9944
7.518
6.9424
6.2764
5.5303
4.7161
3.8477
2.9406
2.0121
1.0804
0.16509
-0.71434
-1.5385
-2.289
-2.9492
-3.5052
-3.9462
-4.2651
-4.4595
-4.5315
-4.4879
-4.34
-4.1036
-3.7977
-3.4443
-3.0671
-2.6903
-2.3375
-2.0306
-1.7883
-1.6254
-1.5518
-1.5718
-1.6841
-1.8815
-2.1515
-2.4765
-2.8352
-3.2033
-3.555
-3.8644
-4.1067
-4.2594
-4.304
-4.2262
-4.017
-3.6731
-3.1966
-2.5951
-1.881
-1.0708
-0.18439
0.75635
1.7282
2.7078
3.6724
4.6006
5.4729
6.2721
6.9835
7.595
8.0965
8.4804
8.7409
8.8741
8.8773
8.7496
8.4913
8.1047
7.5934
6.9631
6.2221
5.3807
4.4524
3.4531
2.4016
1.3191
0.22861
-0.84517
-1.8771
-2.8422
-3.7169
-4.4798
-5.1129
-5.6023
-5.9389
-6.1194
-6.1459
-6.0267
-5.7754
-5.4107
-4.9558
-4.437
-3.8828
-3.3226
-2.785
-2.2969
-1.8821
-1.5598
-1.3441
-1.243
-1.2583
-1.3851
-1.6123
-1.923
-2.2955
-2.7041
-3.1206
-3.5155
-3.8595
-4.1252
-4.2881
-4.328
-4.2299
-3.9849
-3.5901
-3.0494
-2.3724
-1.5748
-0.67682
0.29749
1.3213
2.3664
3.4042
4.4071
5.3494
6.208
6.9631
7.5989
8.1032
8.4678
8.6884
8.7638
8.6959
8.4892
8.1501
7.687
7.1096
6.4287
5.6563
4.8056
3.8906
2.9265
1.9296
0.91726
-0.092259
-1.0799
-2.0261
-2.9117
-3.7179
-4.4275
-5.0253
-5.4991
-5.8401
-6.0439
-6.1106
-6.0455
-5.8586
-5.5646
-5.1826
-4.7351
-4.2471
-3.745
-3.255
-2.8025
-2.4101
-2.0965
-1.8761
-1.7573
-1.7427
-1.8288
-2.0057
-2.2583
-2.5665
-2.9066
-3.2523
-3.5762
-3.8513
-4.0521
-4.1565
-4.146
-4.0075
-3.7331
-3.3211
-2.7756
-2.1061
-1.3275
-0.45876
0.47784
1.4576
2.4545
3.4424
4.396
5.2915
6.1075
6.8255
7.4302
7.9099
8.2561
8.4642
8.5325
8.4625
8.2582
7.9264
7.4759
6.9173
6.263
5.527
4.7243
3.8713
2.9849
2.0831
1.1839
0.30537
-0.53465
-1.3193
-2.033
-2.662
-3.195
-3.6234
-3.9421
-4.1493
-4.2471
-4.2414
-4.1418
-3.9611
-3.7153
-3.4223
-3.1017
-2.7737
-2.4581
-2.1737
-1.9369
-1.7613
-1.6571
-1.6302
-1.6823
-1.8104
-2.0075
-2.2623
-2.5604
-2.8843
-3.2147
-3.5314
-3.8138
-4.0423
-4.199
-4.2681
-4.237
-4.0967
-3.8417
-3.4708
-2.9864
-2.395
-1.7062
-0.93321
-0.091528
0.80099
1.7249
2.6596
3.5841
4.477
5.3179
6.0868
6.7654
7.3373
7.788
8.1058
8.2819
8.3107
8.1898
7.9208
7.5084
6.9612
6.2913
5.5138
4.6467
3.7104
2.727
1.7198
0.71246
-0.27158
-1.21
-2.0821
-2.8698
-3.5576
-4.1336
-4.5895
-4.921
-5.1275
-5.2124
-5.1826
-5.0486
-4.8234
-4.5228
-4.1642
-3.7664
-3.3485
-2.93
-2.5294
-2.1638
-1.8484
-1.5961
-1.4164
-1.3155
-1.2961
-1.3566
-1.4917
-1.6921
-1.945
-2.2345
-2.5423
-2.848
-3.1306
-3.3688
-3.5423
-3.6329
-3.6248
-3.506
-3.2686
-2.909
-2.4288
-1.834
-1.1354
-0.34773
0.51078
1.4192
2.3547
3.2937
4.2125
5.0882
5.8996
6.6278
7.2565
7.7723
8.1655
8.4292
8.5598
8.5569
8.4224
8.1611
7.7797
7.2869
6.693
6.0099
5.2507
4.4298
3.5624
2.6649
1.7542
0.84778
-0.036578
-0.8813
-1.6694
-2.3848
-3.0133
-3.5426
-3.9634
-4.2696
-4.4587
-4.5324
-4.4965
-4.3609
-4.1394
-3.8494
-3.511
-3.1462
-2.7781
-2.4296
-2.1225
-1.8759
-1.7057
-1.6235
-1.6357
-1.7434
-1.9417
-2.2204
-2.5641
-2.953
-3.3636
-3.7704
-4.1467
-4.466
-4.7037
-4.8379
-4.8506
-4.7289
-4.465
-4.057
-3.5088
-2.8295
-2.0336
-1.1393
-0.1686
0.8545
1.9045
2.9557
3.9828
4.962
5.8717
6.6925
7.408
8.0049
8.4725
8.8036
8.9936
9.0403
8.9444
8.7087
8.3381
7.8398
7.2226
6.4977
5.678
4.778
3.8143
2.8048
1.7688
0.72639
-0.30155
-1.2942
-2.2314
-3.0938
-3.8641
-4.5273
-5.0713
-5.4875
-5.7711
-5.9214
-5.9421
-5.8406
-5.6288
-5.3217
-4.9375
-4.4966
-4.0213
-3.5342
-3.0578
-2.6135
-2.2207
-1.8959
-1.6522
-1.4984
-1.4388
-1.4733
-1.5968
-1.7998
-2.0687
-2.3862
-2.7327
-3.0862
-3.424
-3.7235
-3.9629
-4.1227
-4.186
-4.1392
-3.9732
-3.683
-3.2681
-2.733
-2.086
-1.3397
-0.51021
0.38352
1.3203
2.2776
3.2319
4.1598
5.0385
5.8468
6.565
7.1761
7.6659
8.0232
8.2404
8.3134
8.2416
8.0281
7.6793
7.2049
6.6174
5.9319
5.1655
4.3367
3.4652
2.5709
1.6739
0.79317
-0.053085
-0.84848
-1.5786
-2.2312
-2.7968
-3.2682
-3.6413
-3.9145
-4.089
-4.1686
-4.1595
-4.0703
-3.9116
-3.6958
-3.4368
-3.1499
-2.8508
-2.5557
-2.2805
-2.0401
-1.8481
-1.7158
-1.6518
-1.6614
-1.7463
-1.9039
-2.1275
-2.406
-2.7247
-3.0654
-3.4072
-3.7274
-4.0025
-4.2098
-4.3277
-4.3378
-4.2251
-3.9794
-3.5959
-3.0751
-2.4236
-1.6531
-0.78079
0.17223
1.1812
2.2193
3.2582
4.2698
5.2271
6.1048
6.8811
7.5372
8.0587
8.4353
8.661
8.7344
8.6574
8.4362
8.0795
7.5991
7.0086
6.3236
5.5606
4.737
3.8707
2.9795
2.0811
1.1929
0.33137
-0.48787
-1.2504
-1.9433
-2.5552
-3.0772
-3.5022
-3.826
-4.047
-4.1667
-4.1895
-4.1229
-3.9773
-3.7658
-3.5037
-3.2082
-2.8975
-2.5901
-2.3044
-2.0572
-1.8636
-1.7354
-1.6811
-1.7051
-1.8071
-1.9823
-2.2214
-2.5105
-2.8323
-3.1661
-3.4895
-3.7788
-4.0105
-4.1625
-4.2148
-4.1512
-3.9596
-3.6326
-3.1687
-2.5714
-1.8499
-1.0185
-0.095943
0.89529
1.9298
2.9803
4.0187
5.0173
5.9491
6.7898
7.5173
8.1133
8.5633
8.8567
8.9875
8.9537
8.7577
8.4056
7.9071
7.2751
6.5253
5.6756
4.7459
3.7573
2.7316
1.6911
0.65797
-0.34642
-1.3017
-2.1892
-2.992
-3.696
-4.2896
-4.7642
-5.1149
-5.3401
-5.4418
-5.4257
-5.3009
-5.0798
-4.7776
-4.4119
-4.0022
-3.5692
-3.134
-2.7173
-2.3385
-2.0152
-1.7623
-1.5911
-1.5091
-1.5194
-1.6205
-1.8065
-2.0666
-2.3864
-2.7477
-3.1294
-3.5087
-3.8616
-4.1641
-4.3934
-4.5285
-4.5517
-4.4487
-4.2098
-3.8301
-3.3099
-2.6547
-1.8751
-0.9863
-0.0079514
1.0368
2.1218
3.2191
4.2996
5.334
6.2938
7.1523
7.8851
8.4713
8.8938
9.1398
9.2016
9.0761
8.7656
8.2775
7.6236
6.8204
5.8884
4.8511
3.7346
2.5671
1.3772
0.19409
-0.95419
-2.041
-3.0422
-3.9364
-4.7062
-5.338
-5.8226
-6.1555
-6.337
-6.3717
-6.2688
-6.0416
-5.707
-5.2849
-4.7977
-4.2692
-3.7241
-3.187
-2.6813
-2.2285
-1.8473
-1.5527
-1.3553
-1.261
-1.2704
-1.3785
-1.5754
-1.8461
-2.1713
-2.5282
-2.8917
-3.235
-3.5315
-3.7558
-3.8847
-3.8989
-3.7835
-3.529
-3.1315
-2.5934
-1.9228
-1.1334
-0.24383
0.7233
1.7423
2.7855
3.8247
4.8316
5.7795
6.644
7.4035
8.0398
8.5387
8.8898
9.0865
9.1262
9.0098
8.741
8.3269
7.7766
7.1016
6.3154
5.4331
4.4712
3.4475
2.3811
1.292
0.2008
-0.87126
-1.903
-2.8736
-3.7632
-4.5534
-5.228
-5.7737
-6.1803
-6.4422
-6.5577
-6.5302
-6.3678
-6.0836
-5.6948
-5.2227
-4.6917
-4.1283
-3.5599
-3.014
-2.5164
-2.0904
-1.7554
-1.5261
-1.4117
-1.4152
-1.5337
-1.7577
-2.0721
-2.457
-2.8879
-3.3377
-3.7775
-4.1779
-4.511
-4.751
-4.8757
-4.8676
-4.7143
-4.4096
-3.9528
-3.3497
-2.6112
-1.7536
-0.79713
0.23427
1.3145
2.4158
3.5103
4.5705
5.5702
6.4853
7.2942
7.9783
8.5227
8.9156
9.1489
9.2184
9.1232
8.8662
8.4533
7.8941
7.2011
6.3897
5.4778
4.4861
3.4368
2.3538
1.2621
0.18704
-0.84657
-1.8148
-2.6956
-3.4697
-4.1211
-4.6377
-5.0123
-5.2425
-5.3308
-5.2851
-5.1181
-4.8466
-4.4914
-4.0757
-3.6246
-3.1639
-2.7187
-2.3125
-1.9659
-1.696
-1.5152
-1.4312
-1.4463
-1.5576
-1.7569
-2.0319
-2.3661
-2.7399
-3.1319
-3.5193
-3.8797
-4.1912
-4.4342
-4.5915
-4.6493
-4.5975
-4.4299
-4.1446
-3.7432
-3.2314
-2.6183
-1.9156
-1.1376
-0.30069
0.57774
1.4793
2.3852
3.2769
4.1363
4.9463
5.6907
6.355
6.9263
7.3935
7.7475
7.9815
8.0908
8.0731
7.9284
7.6591
7.2702
6.7685
6.1636
5.4666
4.6908
3.851
2.9634
2.0453
1.1149
0.19035
-0.70978
-1.5676
-2.3659
-3.0889
-3.7226
-4.2552
-4.6774
-4.9832
-5.1697
-5.2377
-5.1916
-5.0399
-4.7944
-4.4703
-4.0858
-3.6614
-3.219
-2.7813
-2.3706
-2.0081
-1.7126
-1.4995
-1.3805
-1.3622
-1.4463
-1.629
-1.901
-2.2481
-2.6514
-3.0885
-3.5342
-3.9615
-4.3433
-4.6534
-4.8673
-4.9643
-4.9273
-4.7447
-4.4098
-3.9223
-3.2873
-2.5157
-1.6236
-0.63168
0.4356
1.551
2.6852
3.8083
4.8906
5.9035
6.8204
7.6178
8.2758
8.7783
9.114
9.276
9.2622
9.0748
8.7205
8.2099
7.557
6.7787
5.8942
4.9245
3.8916
2.818
1.7265
0.63909
-0.42281
-1.4391
-2.3914
-3.2627
-4.0384
-4.7058
-5.2549
-5.6781
-5.9708
-6.1313
-6.1611
-6.0653
-5.8521
-5.5335
-5.1245
-4.6434
-4.1111
-3.5506
-2.986
-2.4419
-1.9424
-1.5094
-1.1622
-0.91593
-0.78087
-0.76146
-0.8559
-1.0559
-1.3469
-1.7085
-2.1153
-2.5382
-2.9454
-3.3048
-3.585
-3.7574
-3.7977
-3.6873
-3.4144
-2.9748
-2.3723
-1.6186
-0.73262
0.26024
1.3293
2.4404
3.5569
4.6424
5.6614
6.5817
7.3752
8.0191
8.4969
8.7982
8.9195
8.8631
8.637
8.254
7.7307
7.0864
6.3418
5.5188
4.6386
3.7216
2.787
1.8519
0.93142
0.039029
-0.81376
-1.6169
-2.3617
-3.0404
-3.6459
-4.1722
-4.6135
-4.9652
-5.2234
-5.3858
-5.4515
-5.4221
-5.3014
-5.0959
-4.815
-4.471
-4.079
-3.656
-3.2212
-2.7942
-2.3948
-2.0421
-1.7527
-1.5407
-1.4163
-1.385
-1.4474
-1.5991
-1.8304
-2.1266
-2.4692
-2.8362
-3.2032
-3.5449
-3.8359
-4.0524
-4.1731
-4.1801
-4.0601
-3.8047
-3.4112
-2.882
-2.2251
-1.4534
-0.58432
0.36132
1.3598
2.3855
3.412
4.4129
5.3627
6.2375
7.0159
7.6793
8.2124
8.6034
8.8443
8.9308
8.8622
8.6416
8.2749
7.7713
7.1426
6.4028
5.5678
4.6552
3.6833
2.6715
1.6393
0.60628
-0.4084
-1.3862
-2.3098
-3.163
-3.9313
-4.602
-5.1648
-5.6116
-5.9371
-6.1389
-6.2175
-6.1768
-6.0237
-5.7685
-5.4245
-5.0077
-4.5366
-4.0315
-3.5139
-3.0059
-2.5292
-2.1039
-1.7483
-1.4774
-1.3025
-1.23
-1.2618
-1.3942
-1.6183
-1.9202
-2.2815
-2.6803
-3.0914
-3.4886
-3.8448
-4.134
-4.3325
-4.4196
-4.3791
-4.1998
-3.8761
-3.4086
-2.8033
-2.0723
-1.2325
-0.30513
0.68509
1.7111
2.7447
3.7574
4.7218
5.6122
6.4057
7.0831
7.6286
8.0313
8.2841
8.3848
8.335
8.1404
7.8103
7.3567
6.794
6.1388
5.4086
4.6218
3.7967
2.9517
2.1041
1.2703
0.46557
-0.29663
-1.0044
-1.6476
-2.2179
-2.7089
-3.116
-3.4367
-3.67
-3.8173
-3.8817
-3.8682
-3.784
-3.6378
-3.4405
-3.2043
-2.943
-2.6712
-2.4041
-2.1569
-1.9441
-1.7787
-1.6718
-1.6315
-1.6628
-1.7663
-1.9388
-2.1724
-2.4549
-2.7703
-3.0992
-3.4195
-3.7078
-3.9403
-4.0942
-4.1487
-4.0865
-3.8946
-3.5653
-3.0965
-2.492
-1.7618
-0.92114
0.009921
1.0073
2.0444
3.0927
4.1236
5.1093
6.0241
6.8451
7.553
8.1326
8.573
8.8677
9.0141
9.0136
8.8706
8.5925
8.1887
7.6702
7.0492
6.3387
5.5524
4.7041
3.8081
2.8787
1.9306
0.9788
0.03832
-0.87554
-1.7475
-2.5627
-3.3067
-3.9661
-4.5291
-4.9859
-5.329
-5.5541
-5.66
-5.6491
-5.5277
-5.3056
-4.9961
-4.6158
-4.1835
-3.72
-3.2474
-2.7874
-2.3615
-1.989
-1.6868
-1.4683
-1.3429
-1.3153
-1.3853
-1.5476
-1.7922
-2.1043
-2.4651
-2.8525
-3.2419
-3.6074
-3.9227
-4.1625
-4.3033
-4.325
-4.2115
-3.9515
-3.5397
-2.9766
-2.269
-1.4301
-0.47869
0.561
1.6605
2.7879
3.9092
4.9898
5.9957
6.8949
7.6588
8.2634
8.69
8.9264
8.9669
8.8127
8.4714
7.957
7.2887
6.4899
5.5878
4.6112
3.5898
2.553
1.5287
0.542
-0.38476
-1.2332
-1.989
-2.6418
-3.1853
-3.6169
-3.9374
-4.1504
-4.2619
-4.2798
-4.2136
-4.0741
-3.8729
-3.6225
-3.3358
-3.0263
-2.7078
-2.3942
-2.0994
-1.8367
-1.6185
-1.4559
-1.3579
-1.3312
-1.3791
-1.5015
-1.6942
-1.949
-2.2537
-2.5921
-2.9449
-3.2904
-3.6052
-3.8655
-4.0485
-4.1333
-4.1022
-3.9418
-3.6437
-3.205
-2.6289
-1.9241
-1.1049
-0.19041
0.79624
1.8291
2.8803
3.9213
4.9243
5.8628
6.7127
7.4531
8.0666
8.54
8.864
9.0333
9.0466
8.9062
8.6176
8.1896
7.6334
6.9628
6.1933
5.3425
4.4294
3.4742
2.4981
1.5227
0.56976
-0.33958
-1.1851
-1.9482
-2.6128
-3.1658
-3.5978
-3.9036
-4.0824
-4.1386
-4.081
-3.9233
-3.6829
-3.3809
-3.0404
-2.686
-2.3423
-2.0326
-1.7777
-1.5947
-1.4962
-1.4892
-1.575
-1.7489
-2.0004
-2.3138
-2.6686
-3.0414
-3.4062
-3.7365
-4.0063
-4.1915
-4.2714
-4.2295
-4.0545
-3.7404
-3.2875
-2.7017
-1.9944
-1.1818
-0.28418
0.67492
1.67
2.6747
3.6623
4.6075
5.4866
6.2784
6.9648
7.5311
7.966
8.262
8.4149
8.4237
8.2906
8.0205
7.6205
7.1
6.4703
5.744
4.9353
4.0596
3.1332
2.1733
1.1976
0.22433
-0.72811
-1.6417
-2.4988
-3.283
-3.9793
-4.5748
-5.0589
-5.4241
-5.6662
-5.7846
-5.7825
-5.667
-5.449
-5.1424
-4.7646
-4.335
-3.8747
-3.4055
-2.9491
-2.5262
-2.1556
-1.8532
-1.6315
-1.4991
-1.4601
-1.5141
-1.6559
-1.8761
-2.1614
-2.4949
-2.8568
-3.2257
-3.5788
-3.8932
-4.1465
-4.3183
-4.3901
-4.347
-4.1774
-3.8744
-3.4357
-2.8638
-2.1663
-1.3559
-0.44959
0.53101
1.5609
2.6121
3.6548
4.6583
5.5919
6.4264
7.1353
7.6954
8.0883
8.3009
8.3261
8.1633
7.818
7.302
6.6329
5.8328
4.9279
3.9472
2.9208
1.8794
0.85225
-0.13329
-1.0532
-1.8872
-2.6195
-3.2389
-3.7389
-4.1174
-4.3763
-4.5211
-4.5602
-4.5043
-4.3659
-4.1586
-3.8966
-3.5945
-3.267
-2.9282
-2.5922
-2.2724
-1.9813
-1.7306
-1.5307
-1.3907
-1.3173
-1.3154
-1.3869
-1.5305
-1.7416
-2.0121
-2.3299
-2.68
-3.0438
-3.4007
-3.7281
-4.0033
-4.2036
-4.3082
-4.2992
-4.1624
-3.8888
-3.4746
-2.9222
-2.2399
-1.4422
-0.54862
0.41649
1.4253
2.4478
3.4528
4.4095
5.2888
6.0644
6.7137
7.2188
7.5667
7.7498
7.7656
7.6168
7.3105
6.8579
6.2734
5.5741
4.7788
3.9079
2.9821
2.0225
1.0499
0.08461
-0.85373
-1.7466
-2.5765
-3.3274
-3.9851
-4.537
-4.9734
-5.2868
-5.4732
-5.5323
-5.4674
-5.2861
-5.0002
-4.6258
-4.1823
-3.6926
-3.1818
-2.6763
-2.2025
-1.7856
-1.4484
-1.2096
-1.0831
-1.0765
-1.1911
-1.4212
-1.754
-2.1707
-2.6466
-3.1528
-3.6573
-4.1272
-4.5295
-4.8339
-5.0136
-5.0471
-4.9192
-4.6219
-4.1545
-3.5239
-2.744
-1.8348
-0.82176
0.26593
1.3965
2.5372
3.6556
4.7211
5.7057
6.5854
7.3403
7.9554
8.4207
8.7307
8.8844
8.885
8.739
8.4559
8.0474
7.5269
6.9091
6.2095
5.4442
4.6292
3.781
2.9157
2.0492
1.1971
0.37473
-0.40354
-1.1241
-1.7745
-2.3439
-2.8232
-3.2056
-3.487
-3.6661
-3.7448
-3.7284
-3.6252
-3.4469
-3.2079
-2.9251
-2.6171
-2.3034
-2.0038
-1.7375
-1.5219
-1.3718
-1.2989
-1.3109
-1.4109
-1.5973
-1.8636
-2.1986
-2.587
-3.0095
-3.4444
-3.8678
-4.2552
-4.5824
-4.8267
-4.9678
-4.989
-4.8777
-4.6262
-4.2317
-3.6968
-3.0293
-2.2416
-1.3505
-0.37625
0.65795
1.727
2.8047
3.8647
4.8814
5.8303
6.6892
7.4383
8.0611
8.5441
8.8775
9.0553
9.0747
8.937
8.6466
8.2111
7.6413
6.9505
6.1546
5.2711
4.3196
3.3204
2.2948
1.2643
0.25007
-0.7272
-1.6482
-2.4951
-3.2522
-3.9064
-4.4473
-4.8677
-5.1637
-5.3349
-5.3845
-5.3192
-5.1491
-4.8874
-4.5499
-4.1549
-3.722
-3.2721
-2.8264
-2.4054
-2.0284
-1.7126
-1.4724
-1.3187
-1.2585
-1.2944
-1.4244
-1.6421
-1.9368
-2.2937
-2.6949
-3.1197
-3.5457
-3.95
-4.3096
-4.6028
-4.81
-4.9144
-4.903
-4.7665
-4.5003
-4.1041
-3.5822
-2.943
-2.1991
-1.3662
-0.46315
0.48903
1.4677
2.4494
3.4101
4.3266
5.1762
5.9381
6.5936
7.1264
7.5234
7.7746
7.8738
7.8187
7.6108
7.2553
6.7614
6.1417
5.412
4.5906
3.698
2.7562
1.7878
0.81583
-0.13762
-1.0515
-1.9065
-2.6857
-3.3748
-3.9622
-4.4397
-4.8019
-5.0468
-5.1752
-5.191
-5.1008
-4.9135
-4.6405
-4.2954
-3.8934
-3.4511
-2.9865
-2.5181
-2.0647
-1.6446
-1.2751
-0.97198
-0.74845
-0.61465
-0.577
-0.63762
-0.794
-1.0387
-1.3596
-1.74
-2.159
-2.5928
-3.0152
-3.3991
-3.7175
-3.9452
-4.0598
-4.0429
-3.8812
-3.5674
-3.1003
-2.4854
-1.7346
-0.8655
0.098897
1.1315
2.2022
3.279
4.3296
5.3226
6.2285
7.0213
7.679
8.1845
8.5261
8.6976
8.6987
8.5341
8.2139
7.7523
7.1673
6.4796
5.7117
4.8872
4.0294
3.1609
2.3025
1.4726
0.68672
-0.042744
-0.70687
-1.3
-1.8198
-2.2663
-2.6422
-2.9517
-3.2003
-3.3938
-3.5382
-3.6391
-3.7014
-3.7292
-3.7258
-3.6938
-3.6357
-3.5539
-3.4513
-3.3316
-3.1996
-3.0616
-2.9249
-2.7981
-2.6904
-2.6114
-2.5697
-2.5729
-2.626
-2.7313
-2.8872
-3.088
-3.3235
-3.5793
-3.8371
-4.0754
-4.2708
-4.3989
-4.4358
-4.3599
-4.153
-3.8021
-3.2999
-2.6463
-1.8482
-0.92007
0.11676
1.2347
2.4013
3.5803
4.7335
5.8224
6.8103
7.6633
8.3524
8.8543
9.1525
9.238
9.1091
8.7715
8.2378
7.5267
6.662
5.6716
4.5859
3.4371
2.2574
1.0787
-0.069435
-1.1596
-2.1679
-3.074
-3.8616
-4.5187
-5.0376
-5.4146
-5.6501
-5.7485
-5.7175
-5.5684
-5.3151
-4.9744
-4.5651
-4.1077
-3.6237
-3.1352
-2.6642
-2.2317
-1.8572
-1.5575
-1.3465
-1.234
-1.2252
-1.3205
-1.5149
-1.7984
-2.1556
-2.5668
-3.0082
-3.4535
-3.8744
-4.2425
-4.5302
-4.7125
-4.7683
-4.6812
-4.4407
-4.0429
-3.4906
-2.7931
-1.9662
-1.0311
-0.013446
1.058
2.1524
3.2389
4.2874
5.2701
6.1625
6.9443
7.5997
8.1177
8.492
8.7207
8.8057
8.7519
8.5669
8.2596
7.8402
7.3192
6.7073
6.0152
5.2537
4.4335
3.5658
2.6628
1.7372
0.80351
-0.1228
-1.0249
-1.8849
-2.6846
-3.4059
-4.0321
-4.5481
-4.9421
-5.2062
-5.337
-5.3364
-5.2118
-4.9758
-4.646
-4.2445
-3.7962
-3.3279
-2.8671
-2.44
-2.0701
-1.7773
-1.5762
-1.4758
-1.4788
-1.5815
-1.7742
-2.0418
-2.3652
-2.7216
-3.0868
-3.4359
-3.7449
-3.9919
-4.1581
-4.2283
-4.1919
-4.0427
-3.7789
-3.4032
-2.9218
-2.3444
-1.6834
-0.95331
-0.17008
0.64921
1.4868
2.3248
3.145
3.9295
4.661
5.3224
5.8978
6.3721
6.7321
6.9663
7.0657
7.0242
6.8392
6.5117
6.047
5.4544
4.7475
3.9439
3.0644
2.1331
1.1758
0.21937
-0.70916
-1.584
-2.3813
-3.0807
-3.6656
-4.1242
-4.4498
-4.6411
-4.7024
-4.6427
-4.4762
-4.2205
-3.8967
-3.5278
-3.1377
-2.7503
-2.3883
-2.0719
-1.8182
-1.6402
-1.546
-1.539
-1.617
-1.7727
-1.9942
-2.265
-2.5656
-2.8736
-3.1656
-3.4181
-3.6087
-3.7173
-3.7272
-3.6257
-3.4053
-3.0634
-2.6027
-2.0311
-1.3608
-0.60772
0.20934
1.0698
1.9524
2.8362
3.7014
4.5303
5.3076
6.0208
6.66
7.2179
7.6897
8.0719
8.3624
8.5597
8.6626
8.6696
8.5791
8.3895
8.0993
7.7077
7.2152
6.6242
5.9396
5.1697
4.326
3.4238
2.4818
1.5221
0.56874
-0.35268
-1.2165
-1.9983
-2.6763
-3.2325
-3.6544
-3.9351
-4.0745
-4.0792
-3.9623
-3.7429
-3.4447
-3.095
-2.7228
-2.3576
-2.0271
-1.7556
-1.5632
-1.4639
-1.465
-1.567
-1.7634
-2.0413
-2.3818
-2.7616
-3.1542
-3.5313
-3.8645
-4.1265
-4.293
-4.3434
-4.2618
-4.0379
-3.6674
-3.1517
-2.498
-1.7189
-0.83148
0.14289
1.1799
2.253
3.3343
4.3954
5.4085
6.3467
7.1853
7.902
8.4775
8.8963
9.1467
9.2213
9.1173
8.8364
8.385
7.7739
7.0186
6.1379
5.1546
4.094
2.9835
1.8519
0.72809
-0.35942
-1.3838
-2.3206
-3.1488
-3.8513
-4.4155
-4.8339
-5.1041
-5.2292
-5.2169
-5.0798
-4.8346
-4.5013
-4.1025
-3.6623
-3.2056
-2.7566
-2.3384
-1.9717
-1.674
-1.4593
-1.3369
-1.3116
-1.3833
-1.5471
-1.7935
-2.109
-2.4763
-2.8755
-3.2847
-3.681
-4.0414
-4.3438
-4.568
-4.6964
-4.7144
-4.6116
-4.3816
-4.0223
-3.5361
-2.9296
-2.2131
-1.4006
-0.50918
0.44199
1.4318
2.4379
3.4377
4.4083
5.3276
6.1746
6.9299
7.5759
8.0974
8.4819
8.7197
8.8045
8.7331
8.506
8.1273
7.6047
6.9494
6.1761
5.3024
4.349
3.3386
2.2956
1.2454
0.21366
-0.77453
-1.6955
-2.5277
-3.2526
-3.8552
-4.3248
-4.655
-4.8447
-4.8975
-4.8217
-4.6305
-4.3408
-3.9733
-3.5509
-3.0983
-2.641
-2.2039
-1.8103
-1.481
-1.2334
-1.0803
-1.0298
-1.0842
-1.2406
-1.4902
-1.8191
-2.2089
-2.6369
-3.0781
-3.5054
-3.8913
-4.2093
-4.4347
-4.5461
-4.5264
-4.3633
-4.0501
-3.5862
-2.9765
-2.2318
-1.3682
-0.406
0.63053
1.7145
2.8175
3.9101
4.9636
5.9504
6.845
7.6249
8.271
8.7679
9.1044
9.2734
9.2724
9.1026
8.7696
8.2825
7.6539
6.8994
6.037
5.0873
4.0722
3.0149
1.9391
0.86863
-0.17319
-1.1642
-2.0838
-2.9137
-3.6382
-4.245
-4.7249
-5.0729
-5.2878
-5.3724
-5.3339
-5.1828
-4.9333
-4.6028
-4.2109
-3.779
-3.3294
-2.8847
-2.4664
-2.0946
-1.7869
-1.5573
-1.4161
-1.3692
-1.4175
-1.557
-1.779
-2.0701
-2.4131
-2.7873
-3.1696
-3.5356
-3.8605
-4.1204
-4.293
-4.3594
-4.304
-4.1159
-3.7894
-3.3237
-2.7236
-1.9988
-1.1641
-0.23802
0.75721
1.7969
2.8548
3.9038
4.9171
5.8689
6.7353
7.4949
8.1293
8.6238
8.9671
9.152
9.1752
9.0374
8.7429
8.2996
7.7185
7.0136
6.2013
5.3002
4.3304
3.3132
2.2707
1.2249
0.19776
-0.78955
-1.7172
-2.5671
-3.3234
-3.9726
-4.5044
-4.9115
-5.1904
-5.3409
-5.3666
-5.275
-5.0769
-4.7864
-4.4206
-3.9989
-3.5426
-3.074
-2.6156
-2.1895
-1.8159
-1.5131
-1.2956
-1.1743
-1.1551
-1.239
-1.4216
-1.6933
-2.0391
-2.4398
-2.8721
-3.3101
-3.7263
-4.0926
-4.3819
-4.5694
-4.6338
-4.5585
-4.332
-3.9491
-3.411
-2.7251
-1.9051
-0.97011
0.0561
1.146
2.2694
3.3951
4.4915
5.5284
6.4778
7.3145
8.0178
8.5708
8.9618
9.1839
9.2349
9.1173
8.8378
8.4068
7.8378
7.1471
6.3529
5.4747
4.5331
3.5488
2.5427
1.5348
0.54469
-0.40944
-1.3107
-2.144
-2.8959
-3.5551
-4.1126
-4.5617
-4.8982
-5.1207
-5.2304
-5.2316
-5.1311
-4.9386
-4.6663
-4.3289
-3.9431
-3.5269
-3.0996
-2.6805
-2.289
-1.9429
-1.6585
-1.4491
-1.3248
-1.2916
-1.3514
-1.501
-1.7326
-2.0339
-2.3883
-2.7753
-3.172
-3.5535
-3.8941
-4.1687
-4.3536
-4.4283
-4.3756
-4.1836
-3.8452
-3.3595
-2.7313
-1.9713
-1.0957
-0.12548
0.9145
1.9962
3.0899
4.165
5.1912
6.1401
6.9856
7.7051
8.2802
8.6971
8.947
9.0262
8.9359
8.6823
8.2755
7.7296
7.0616
6.2911
5.439
4.5273
3.5782
2.6131
1.6527
0.7161
-0.1795
-1.0189
-1.7893
-2.4799
-3.0825
-3.591
-4.0014
-4.312
-4.5228
-4.6359
-4.6553
-4.5867
-4.4379
-4.2184
-3.9395
-3.6142
-3.2572
-2.8843
-2.5122
-2.158
-1.8384
-1.5695
-1.3652
-1.2374
-1.1942
-1.2402
-1.3754
-1.5949
-1.889
-2.2432
-2.639
-3.0539
-3.4631
-3.8404
-4.1592
-4.3942
-4.5226
-4.5254
-4.3883
-4.1028
-3.6663
-3.0826
-2.3619
-1.5198
-0.57737
0.4406
1.5062
2.5899
3.6616
4.6921
5.6539
6.5223
7.2763
7.8988
8.377
8.7025
8.8716
8.8841
8.7439
8.458
8.0363
7.4908
6.8355
6.0858
5.2581
4.3694
3.4375
2.4801
1.5153
0.56081
-0.36603
-1.2484
-2.0704
-2.8174
-3.4762
-4.0356
-4.4867
-4.8231
-5.0416
-5.1421
-5.1279
-5.0061
-4.7868
-4.4837
-4.1133
-3.6944
-3.2477
-2.7949
-2.3576
-1.9568
-1.6118
-1.339
-1.1515
-1.0581
-1.0627
-1.1644
-1.3567
-1.6284
-1.9635
-2.3419
-2.7406
-3.1345
-3.4976
-3.8044
-4.0308
-4.1558
-4.1619
-4.0366
-3.7725
-3.3679
-2.8269
-2.159
-1.3788
-0.50527
0.439
1.4289
2.438
3.4389
4.4053
5.3118
6.1356
6.8563
7.4571
7.9246
8.2491
8.4248
8.4492
8.3235
8.0519
7.6417
7.1027
6.4471
5.6892
4.8449
3.9318
2.9686
1.975
0.97114
-0.022441
-0.98545
-1.8982
-2.742
-3.5
-4.1571
-4.701
-5.1224
-5.4155
-5.5783
-5.6127
-5.5247
-5.3245
-5.0257
-4.6455
-4.2039
-3.723
-3.2259
-2.7363
-2.2772
-1.8698
-1.5327
-1.281
-1.1255
-1.072
-1.1213
-1.2683
-1.5031
-1.8104
-2.171
-2.5617
-2.9573
-3.331
-3.6561
-3.9071
-4.0609
-4.0981
-4.0038
-3.7683
-3.3878
-2.8645
-2.2065
-1.4273
-0.54574
0.41543
1.4301
2.4702
3.5065
4.5102
5.4535
6.3111
7.0608
7.6841
8.1669
8.4995
8.6769
8.6988
8.5689
8.2948
7.8877
7.3611
6.731
6.0146
5.2302
4.3963
3.5311
2.6523
1.7765
0.9193
0.094533
-0.68528
-1.4093
-2.0682
-2.6543
-3.1614
-3.585
-3.9221
-4.171
-4.332
-4.407
-4.3994
-4.3149
-4.1606
-3.946
-3.682
-3.3815
-3.0587
-2.7288
-2.4074
-2.1104
-1.8526
-1.6476
-1.5065
-1.4378
-1.4463
-1.5328
-1.6938
-1.9215
-2.2036
-2.5242
-2.8638
-3.2006
-3.5115
-3.773
-3.9621
-4.0583
-4.044
-3.9056
-3.6344
-3.227
-2.6856
-2.018
-1.2373
-0.36137
0.5881
1.5862
2.6061
3.62
4.6002
5.5202
6.3557
7.0853
7.6911
8.1592
8.4798
8.6476
8.6617
8.5248
8.2436
7.8281
7.2908
6.6467
5.9123
5.1053
4.2442
3.3475
2.4334
1.5195
0.62269
-0.24167
-1.0595
-1.8183
-2.5072
-3.1173
-3.6414
-4.0743
-4.4127
-4.6553
-4.8028
-4.858
-4.8257
-4.7127
-4.5278
-4.2818
-3.987
-3.6575
-3.3081
-2.9549
-2.6137
-2.3004
-2.0297
-1.8146
-1.666
-1.5917
-1.596
-1.6795
-1.8385
-2.0651
-2.3474
-2.67
-3.0142
-3.3592
-3.6828
-3.9624
-4.1764
-4.3047
-4.3303
-4.2397
-4.024
-3.6787
-3.2046
-2.6074
-1.8973
-1.0889
-0.20029
0.74784
1.7328
2.7309
3.7183
4.6719
5.5698
6.3921
7.1213
7.7423
8.243
8.6143
8.8499
8.9463
8.9029
8.7219
8.4079
7.9678
7.4111
6.7492
5.9957
5.1657
4.2761
3.3448
2.3908
1.4335
0.4922
-0.41415
-1.2676
-2.0518
-2.7522
-3.3569
-3.8565
-4.245
-4.5196
-4.6807
-4.7323
-4.6817
-4.5391
-4.3173
-4.0316
-3.6989
-3.3374
-2.9656
-2.6022
-2.2648
-1.9698
-1.7311
-1.56
-1.4647
-1.4492
-1.514
-1.655
-1.8644
-2.1303
-2.4374
-2.7675
-3.1004
-3.4145
-3.6882
-3.9005
-4.0322
-4.0666
-3.9908
-3.7958
-3.4771
-3.0351
-2.4748
-1.8055
-1.0408
-0.19736
0.70529
1.646
2.6026
3.5529
4.4751
5.3488
6.1552
6.8777
7.5019
8.0158
8.4101
8.6775
8.8133
8.815
8.6821
8.4164
8.0216
7.5038
6.871
6.1336
5.3039
4.3967
3.4286
2.4182
1.3852
0.35069
-0.66391
-1.6373
-2.549
-3.38
-4.1135
-4.7355
-5.2353
-5.6061
-5.845
-5.9533
-5.9365
-5.8039
-5.5685
-5.2462
-4.8555
-4.4165
-3.9505
-3.479
-3.0228
-2.6014
-2.2325
-1.9307
-1.7078
-1.5715
-1.5257
-1.5699
-1.6996
-1.906
-2.1764
-2.4947
-2.8422
-3.198
-3.5398
-3.8452
-4.0922
-4.2607
-4.3327
-4.2936
-4.133
-3.8445
-3.4268
-2.8834
-2.2225
-1.4567
-0.60267
0.31993
1.2889
2.2804
3.2702
4.234
5.1488
5.9932
6.7484
7.3983
7.9301
8.3341
8.6043
8.7378
8.7346
8.5978
8.3328
7.9475
7.4512
6.8551
6.1715
5.4137
4.5957
3.7321
2.838
1.9283
1.0184
0.12314
-0.74268
-1.565
-2.3305
-3.0269
-3.6432
-4.1702
-4.6005
-4.9289
-5.1525
-5.2713
-5.2879
-5.2081
-5.0402
-4.7954
-4.4875
-4.1323
-3.7473
-3.3509
-2.9621
-2.5993
-2.2797
-2.0185
-1.828
-1.7171
-1.6906
-1.7487
-1.8872
-2.0969
-2.3645
-2.6728
-3.0011
-3.3269
-3.6261
-3.8747
-4.0498
-4.1308
-4.1001
-3.9447
-3.6564
-3.232
-2.6745
-1.9918
-1.1974
-0.30913
0.65117
1.6588
2.6871
3.7087
4.6963
5.6237
6.467
7.2051
7.82
8.298
8.629
8.8076
8.832
8.7045
8.431
8.0206
7.4852
6.839
6.0978
5.2791
4.401
3.482
2.5407
1.5951
0.66246
-0.24095
-1.1004
-1.9027
-2.6365
-3.2927
-3.8639
-4.3453
-4.7338
-5.0291
-5.2324
-5.3475
-5.3795
-5.3358
-5.2249
-5.0567
-4.8421
-4.5929
-4.3211
-4.0388
-3.7579
-3.4897
-3.2443
-3.0303
-2.8547
-2.7223
-2.6354
-2.5938
-2.5944
-2.6315
-2.6966
-2.7791
-2.866
-2.9429
-2.9945
-3.0052
-2.9599
-2.8446
-2.6475
-2.3593
-1.9739
-1.4891
-0.90656
-0.23229
0.52368
1.3474
2.2215
3.1255
4.037
4.9318
5.7854
6.5735
7.2732
7.8633
8.3258
8.6457
8.8124
8.8191
8.664
8.3495
7.8827
7.2748
6.5407
5.6988
4.77
3.7772
2.7447
1.6971
0.65856
-0.34752
-1.2997
-2.1788
-2.9687
-3.6564
-4.2325
-4.6913
-5.0311
-5.2535
-5.3638
-5.37
-5.2832
-5.1163
-4.8842
-4.6025
-4.2876
-3.9558
-3.623
-3.3039
-3.0118
-2.7584
-2.5533
-2.4034
-2.3136
-2.2858
-2.3194
-2.4111
-2.5548
-2.7422
-2.9627
-3.2035
-3.4506
-3.6885
-3.901
-4.0719
-4.1855
-4.2266
-4.1822
-4.0411
-3.7947
-3.4377
-2.9682
-2.3879
-1.7024
-0.92099
-0.056572
0.87471
1.8539
2.8596
3.869
4.8583
5.8033
6.6806
7.4681
8.1457
8.6959
9.1045
9.3609
9.4585
9.3948
9.1716
8.7946
8.2735
7.6216
6.8552
5.9932
5.0563
4.0666
3.0469
2.0198
1.0071
0.029622
-0.89388
-1.7468
-2.5151
-3.1876
-3.7559
-4.215
-4.5623
-4.7984
-4.9266
-4.9523
-4.8834
-4.7296
-4.5024
-4.2147
-3.8803
-3.514
-3.1314
-2.7478
-2.3789
-2.0394
-1.7435
-1.5036
-1.3304
-1.2321
-1.2142
-1.2788
-1.4243
-1.6454
-1.9327
-2.2732
-2.6503
-3.0441
-3.4328
-3.7928
-4.1002
-4.3316
-4.4655
-4.4832
-4.3699
-4.1157
-3.716
-3.1722
-2.4918
-1.6879
-0.77923
0.21079
1.2551
2.324
3.3863
4.411
5.3681
6.2298
6.972
7.5745
8.0219
8.3039
8.4154
8.3564
8.1314
7.7496
7.2233
6.5683
5.8025
4.9456
4.0183
3.0418
2.0378
1.0273
0.031006
-0.93148
-1.8415
-2.6819
-3.4372
-4.0936
-4.6401
-5.0679
-5.3713
-5.5481
-5.5995
-5.5307
-5.3504
-5.0716
-4.7105
-4.2863
-3.8208
-3.3373
-2.86
-2.4124
-2.0166
-1.6922
-1.4552
-1.3169
-1.2836
-1.3559
-1.5288
-1.7914
-2.1275
-2.5167
-2.9345
-3.3543
-3.7478
-4.0872
-4.3457
-4.4995
-4.5285
-4.4173
-4.1561
-3.7412
-3.175
-2.4662
-1.6296
-0.68502
0.34283
1.4256
2.5324
3.6307
4.6878
5.6717
6.5525
7.3034
7.9014
8.3285
8.5719
8.6244
8.4849
8.1583
7.655
6.9909
6.1864
5.2658
4.2568
3.1886
2.0919
0.99704
-0.066534
-1.0715
-1.9936
-2.812
-3.5103
-4.0769
-4.5051
-4.7932
-4.9443
-4.9662
-4.871
-4.674
-4.3938
-4.0507
-3.6664
-3.263
-2.8622
-2.4845
-2.1481
-1.8688
-1.6591
-1.5278
-1.4798
-1.5159
-1.6329
-1.8234
-2.0768
-2.3791
-2.7138
-3.0623
-3.405
-3.7218
-3.993
-4.1999
-4.3256
-4.3556
-4.2786
-4.0863
-3.7743
-3.342
-2.7926
-2.133
-1.374
-0.52922
0.38444
1.3478
2.3396
3.3374
4.3177
5.257
6.1323
6.9215
7.6044
8.163
8.5825
8.8512
8.9615
8.9098
8.6971
8.3286
7.814
7.1669
6.4047
5.5478
4.6186
3.6416
2.6416
1.6434
0.67048
-0.2551
-1.114
-1.8897
-2.5692
-3.1429
-3.6051
-3.9533
-4.1887
-4.3153
-4.3398
-4.2715
-4.1212
-3.9018
-3.6269
-3.3114
-2.9708
-2.6206
-2.2767
-1.9545
-1.6688
-1.433
-1.2592
-1.1572
-1.1341
-1.194
-1.3371
-1.56
-1.8547
-2.2094
-2.6081
-3.0316
-3.4575
-3.8619
-4.2195
-4.5058
-4.6975
-4.7742
-4.7191
-4.5205
-4.1718
-3.6727
-3.0288
-2.2516
-1.358
-0.36988
0.68732
1.7854
2.8945
3.9847
5.0268
5.9935
6.8602
7.6062
8.2147
8.6732
8.9739
9.1136
9.0932
8.9176
8.5953
8.138
7.5598
6.8767
6.1065
5.2679
4.38
3.4621
2.5333
1.6118
0.71503
-0.14091
-0.94148
-1.6738
-2.3271
-2.8924
-3.3631
-3.7348
-4.0054
-4.1754
-4.2473
-4.2263
-4.1197
-3.937
-3.6897
-3.3914
-3.0568
-2.7022
-2.3443
-2.0003
-1.687
-1.4199
-1.2132
-1.0784
-1.0239
-1.0546
-1.1709
-1.3691
-1.6405
-1.9722
-2.347
-2.744
-3.14
-3.5098
-3.8278
-4.0691
-4.2108
-4.2334
-4.1217
-3.8656
-3.4607
-2.9092
-2.2189
-1.4039
-0.48319
0.51964
1.5777
2.662
3.7425
4.7894
5.7746
6.6721
7.4593
8.1174
8.632
8.993
9.1949
9.2361
9.1195
8.8511
8.4402
7.8987
7.2406
6.4816
5.6387
4.7297
3.7732
2.7879
1.7928
0.80636
-0.15325
-1.0687
-1.9236
-2.7032
-3.3941
-3.9852
-4.4675
-4.8347
-5.0834
-5.2134
-5.2273
-5.1313
-4.9347
-4.6498
-4.2915
-3.8772
-3.4261
-2.9589
-2.4964
-2.0598
-1.6689
-1.3418
-1.0942
-0.93813
-0.88179
-0.92868
-1.0773
-1.3211
-1.6482
-2.0419
-2.4813
-2.9417
-3.396
-3.8156
-4.172
-4.4378
-4.5885
-4.6035
-4.4674
-4.1712
-3.7122
-3.0953
-2.3322
-1.4411
-0.4462
0.62361
1.7362
2.8575
3.9534
4.9912
5.9413
6.7783
7.4821
8.0388
8.4406
8.6863
8.7802
8.7319
8.5551
8.2662
7.8833
7.4247
6.9081
6.3491
5.761
5.1541
4.5359
3.9109
3.2814
2.6484
2.0118
1.372
0.7302
0.089546
-0.54473
-1.1649
-1.7608
-2.3203
-2.8299
-3.2755
-3.644
-3.9236
-4.1055
-4.1849
-4.1616
-4.0405
-3.8315
-3.55
-3.2155
-2.8508
-2.481
-2.1316
-1.8272
-1.5897
-1.4371
-1.3816
-1.4296
-1.5802
-1.8257
-2.1517
-2.538
-2.9595
-3.3879
-3.7932
-4.1451
-4.4156
-4.5796
-4.6167
-4.5124
-4.2583
-3.8529
-3.3013
-2.6146
-1.8093
-0.90652
0.069571
1.0926
2.1356
3.1714
4.1745
5.1214
5.9911
6.7658
7.4306
7.9742
8.3882
8.6671
8.8082
8.8111
8.6775
8.4112
8.0178
7.5049
6.8815
6.1589
5.3498
4.4688
3.532
2.5574
1.5638
0.57112
-0.40023
-1.33
-2.1987
-2.9881
-3.6816
-4.2657
-4.7295
-5.0659
-5.2715
-5.3473
-5.2981
-5.1329
-4.8646
-4.5096
-4.0869
-3.618
-3.1258
-2.6339
-2.1655
-1.7427
-1.3856
-1.111
-0.93236
-0.85837
-0.89293
-1.0346
-1.2765
-1.6066
-2.0076
-2.4582
-2.9334
-3.4055
-3.8456
-4.2248
-4.5152
-4.6915
-4.7323
-4.621
-4.3467
-3.9049
-3.298
-2.5349
-1.6314
-0.60896
0.50552
1.6812
2.8841
4.079
5.23
6.3028
7.2652
8.0886
8.7492
9.2281
9.5126
9.596
9.4777
9.1634
8.6643
7.9967
7.1813
6.2424
5.2071
4.1041
2.9632
1.8137
0.68442
-0.39795
-1.409
-2.3274
-3.1353
-3.8189
-4.3685
-4.7787
-5.0482
-5.1802
-5.1816
-5.0632
-4.8389
-4.5255
-4.142
-3.7089
-3.248
-2.7811
-2.3295
-1.9135
-1.5513
-1.2588
-1.0484
-0.92881
-0.90469
-0.97609
-1.1385
-1.3828
-1.6954
-2.0591
-2.4529
-2.8535
-3.236
-3.5748
-3.8449
-4.0228
-4.0883
-4.0245
-3.8198
-3.4677
-2.968
-2.3266
-1.5557
-0.67302
0.29817
1.3305
2.3932
3.4536
4.4787
5.4358
6.2948
7.0287
7.6152
8.0372
8.2836
8.3495
8.2363
7.9514
7.5077
6.9227
6.2175
5.416
4.5438
3.6268
2.6904
1.7586
0.85326
-0.0064932
-0.80459
-1.5282
-2.1677
-2.7166
-3.1713
-3.5305
-3.7954
-3.969
-4.0561
-4.0627
-3.9964
-3.8659
-3.681
-3.4528
-3.1933
-2.9155
-2.6331
-2.3602
-2.1108
-1.8983
-1.7349
-1.6307
-1.5934
-1.6272
-1.7326
-1.9059
-2.1391
-2.4199
-2.7319
-3.0559
-3.3697
-3.6503
-3.8743
-4.0193
-4.0655
-3.9965
-3.8006
-3.4711
-3.007
-2.4131
-1.7
-0.88304
0.017877
0.97958
1.9766
2.9824
3.9704
4.9151
5.7927
6.5824
7.2661
7.8293
8.2607
8.5524
8.6998
8.7008
8.5561
8.2686
7.8433
7.2871
6.6088
5.8194
4.9317
3.9609
2.9244
1.842
0.73539
-0.37157
-1.4537
-2.4852
-3.4403
-4.2944
-5.0249
-5.613
-6.0439
-6.3086
-6.4041
-6.3341
-6.1095
-5.7474
-5.2714
-4.7101
-4.096
-3.4638
-2.8489
-2.2853
-1.8038
-1.4307
-1.1854
-1.0803
-1.1192
-1.2978
-1.6029
-2.014
-2.5037
-3.0397
-3.5858
-4.1047
-4.5593
-4.9152
-5.1419
-5.2149
-5.1167
-4.8376
-4.3761
-3.7389
-2.9404
-2.0019
-0.95041
0.18275
1.3635
2.5564
3.7266
4.8409
5.8691
6.7852
7.5681
8.2017
8.6757
8.9851
9.1299
9.1149
8.9488
8.6434
8.2133
7.6746
7.0448
6.3415
5.5825
4.7849
3.9652
3.1386
2.3195
1.5207
0.75407
0.030003
-0.64225
-1.2547
-1.8007
-2.2748
-2.6733
-2.9935
-3.2349
-3.3984
-3.4868
-3.5049
-3.4594
-3.3587
-3.213
-3.0339
-2.8341
-2.6269
-2.4258
-2.244
-2.0937
-1.9854
-1.9277
-1.9263
-1.9842
-2.1007
-2.2719
-2.4901
-2.7447
-3.0218
-3.3051
-3.5767
-3.8174
-4.008
-4.1296
-4.1654
-4.1004
-3.9232
-3.6258
-3.2047
-2.6608
-1.9998
-1.2317
-0.37125
0.56324
1.55
2.5649
3.5819
4.5743
5.5152
6.3791
7.142
7.7827
8.2832
8.6294
8.8114
8.8236
8.6652
8.3397
7.8551
7.2232
6.4596
5.5828
4.614
3.5763
2.4941
1.3924
0.29643
-0.76941
-1.7817
-2.719
-3.5618
-4.2938
-4.9016
-5.3756
-5.7101
-5.9035
-5.9586
-5.8825
-5.6862
-5.3848
-4.9969
-4.5437
-4.0487
-3.5364
-3.0319
-2.5591
-2.1403
-1.7947
-1.5378
-1.3804
-1.3278
-1.3801
-1.5313
-1.7699
-2.0792
-2.4382
-2.8224
-3.2051
-3.5584
-3.8547
-4.0684
-4.1763
-4.1598
-4.0048
-3.703
-3.2524
-2.6568
-1.9265
-1.077
-0.12911
0.89228
1.9592
3.0415
4.1084
5.1292
6.0747
6.9182
7.6361
8.2093
8.6232
8.8683
8.9405
8.8409
8.5757
8.1559
7.5966
6.9164
6.1366
5.2804
4.3719
3.4352
2.4938
1.5696
0.68212
-0.15139
-0.91692
-1.6035
-2.2035
-2.7121
-3.1275
-3.4504
-3.6836
-3.8315
-3.9
-3.8961
-3.8274
-3.7023
-3.5298
-3.3189
-3.0796
-2.822
-2.5569
-2.2952
-2.0482
-1.8271
-1.6429
-1.5054
-1.4235
-1.4037
-1.4503
-1.5643
-1.7434
-1.9811
-2.2672
-2.5877
-2.9248
-3.258
-3.5648
-3.8215
-4.0045
-4.0917
-4.0637
-3.9046
-3.6037
-3.1559
-2.5624
-1.8306
-0.97478
-0.014873
1.0238
2.1119
3.2169
4.3049
5.3418
6.295
7.1348
7.8355
8.3762
8.7422
8.9249
8.9221
8.7376
8.3812
7.8676
7.2156
6.4472
5.5863
4.6579
3.6868
2.6969
1.7105
0.74758
-0.17435
-1.0404
-1.8386
-2.5591
-3.1946
-3.7398
-4.191
-4.546
-4.804
-4.9655
-5.032
-5.0069
-4.895
-4.703
-4.4396
-4.1161
-3.7457
-3.344
-2.9284
-2.5177
-2.1311
-1.7877
-1.5055
-1.2998
-1.1829
-1.1624
-1.2411
-1.416
-1.6781
-2.0129
-2.4005
-2.8167
-3.234
-3.623
-3.9541
-4.1991
-4.3326
-4.3337
-4.1871
-3.8839
-3.4221
-2.8067
-2.0497
-1.1689
-0.18731
0.8683
1.9686
3.0831
4.1819
5.2363
6.2205
7.1117
7.8915
8.5452
9.0625
9.4371
9.666
9.7495
9.6903
9.4934
9.1653
8.7137
8.1478
7.4776
6.7143
5.8701
4.9588
3.9953
2.9962
1.9795
0.96422
-0.029428
-0.98097
-1.8701
-2.6774
-3.3852
-3.9784
-4.4452
-4.778
-4.9735
-5.0336
-4.9651
-4.7799
-4.4943
-4.1286
-3.7059
-3.2517
-2.792
-2.3523
-1.9567
-1.6261
-1.3776
-1.2233
-1.17
-1.2185
-1.3635
-1.5944
-1.8949
-2.2444
-2.6191
-2.9926
-3.3376
-3.6272
-3.8359
-3.9414
-3.9252
-3.7734
-3.4778
-3.0361
-2.4518
-1.7343
-0.89845
0.036266
1.0463
2.105
3.1839
4.2534
5.2844
6.2485
7.1196
7.8746
8.4935
8.9606
9.2646
9.3984
9.3598
9.151
8.7784
8.2526
7.5877
6.8011
5.9129
4.9452
3.9219
2.8676
1.8074
0.76603
-0.2329
-1.1673
-2.0175
-2.7664
-3.4005
-3.9101
-4.2894
-4.5371
-4.6562
-4.654
-4.5421
-4.3353
-4.0517
-3.7119
-3.3379
-2.9523
-2.5774
-2.2341
-1.9411
-1.7139
-1.5641
-1.4988
-1.5201
-1.625
-1.8057
-2.0493
-2.3391
-2.6547
-2.9734
-3.271
-3.523
-3.7058
-3.7979
-3.7811
-3.6408
-3.3677
-2.9575
-2.4114
-1.7364
-0.94459
-0.053157
0.91671
1.9404
2.9909
4.04
5.0589
6.0197
6.8961
7.6642
8.3036
8.7973
9.1326
9.3012
9.2994
9.1276
8.7907
8.2973
7.6598
6.8937
6.0168
5.0496
4.0138
2.9325
1.8292
0.72744
-0.34948
-1.3794
-2.3415
-3.217
-3.9893
-4.645
-5.1734
-5.5676
-5.8246
-5.9451
-5.9339
-5.7999
-5.5556
-5.2171
-4.8033
-4.3356
-3.8369
-3.3307
-2.8405
-2.3885
-1.9945
-1.6755
-1.4445
-1.3095
-1.274
-1.3358
-1.4875
-1.7165
-2.0059
-2.335
-2.6805
-3.0171
-3.3196
-3.5633
-3.7259
-3.7882
-3.7349
-3.5559
-3.2461
-2.8061
-2.2417
-1.5637
-0.78757
0.067863
0.98082
1.9278
2.8843
3.8263
4.7303
5.5749
6.3407
7.011
7.5723
8.0138
8.328
8.5104
8.5591
8.475
8.2612
7.9231
7.468
6.9051
6.245
5.5002
4.6844
3.8124
2.9003
1.9651
1.0242
0.09555
-0.80317
-1.6546
-2.4424
-3.1514
-3.7684
-4.2827
-4.6859
-4.973
-5.1421
-5.1948
-5.1365
-4.9758
-4.7248
-4.3983
-4.0138
-3.5906
-3.1494
-2.7111
-2.2965
-1.9249
-1.6139
-1.3778
-1.2278
-1.1705
-1.2084
-1.3388
-1.5543
-1.8429
-2.1885
-2.5713
-2.9687
-3.3566
-3.71
-4.0047
-4.2177
-4.3291
-4.3224
-4.1857
-3.912
-3.4996
-2.9524
-2.2792
-1.494
-0.61478
0.33691
1.3371
2.36
3.3796
4.37
5.3064
6.1664
6.9299
7.58
8.1031
8.4895
8.7327
8.8302
8.7824
8.5932
8.269
7.8191
7.2544
6.5881
5.8347
5.0099
4.1303
3.2132
2.2762
1.3369
0.41303
-0.47847
-1.3213
-2.1002
-2.8014
-3.4129
-3.9247
-4.3294
-4.622
-4.8008
-4.8672
-4.8257
-4.6841
-4.4536
-4.1481
-3.784
-3.3798
-2.9555
-2.5316
-2.1285
-1.7656
-1.4604
-1.2275
-1.0781
-1.0193
-1.0536
-1.1784
-1.3865
-1.6661
-2.0009
-2.3713
-2.755
-3.1282
-3.4665
-3.7462
-3.9455
-4.0454
-4.0305
-3.8899
-3.6179
-3.2135
-2.6812
-2.0303
-1.2744
-0.43108
0.47911
1.4334
2.4077
3.3776
4.3189
5.2085
6.0254
6.7504
7.3674
7.8631
8.2273
8.4532
8.5371
8.4787
8.2805
7.9482
7.4902
6.9172
6.2423
5.4805
4.6485
3.7641
2.8458
1.9126
0.98353
0.07691
-0.78983
-1.6007
-2.3414
-2.9998
-3.5661
-4.0333
-4.3968
-4.6549
-4.8088
-4.862
-4.821
-4.6942
-4.4924
-4.2281
-3.9152
-3.5687
-3.2042
-2.8376
-2.4845
-2.1595
-1.8762
-1.6461
-1.4785
-1.3796
-1.3529
-1.3979
-1.511
-1.6846
-1.9078
-2.1666
-2.4444
-2.7225
-2.981
-3.1998
-3.3593
-3.4414
-3.4304
-3.3139
-3.0832
-2.7341
-2.2668
-1.6865
-1.0027
-0.22937
0.61592
1.5126
2.4377
3.367
4.2758
5.1398
5.9358
6.6429
7.2426
7.7198
8.0628
8.264
8.3195
8.2296
7.9982
7.6327
7.1438
6.5449
5.8517
5.0815
4.2528
3.3849
2.4968
1.6074
0.73458
-0.10522
-0.8971
-1.6281
-2.2874
-2.8665
-3.359
-3.7608
-4.0702
-4.2873
-4.4145
-4.4557
-4.4166
-4.3046
-4.1282
-3.8974
-3.6231
-3.3172
-2.9923
-2.6615
-2.3382
-2.0356
-1.7663
-1.542
-1.3732
-1.2681
-1.2329
-1.2707
-1.3815
-1.5621
-1.8056
-2.1014
-2.436
-2.7927
-3.1527
-3.4954
-3.7995
-4.0437
-4.2079
-4.274
-4.2269
-4.0552
-3.7518
-3.3146
-2.7464
-2.0554
-1.2545
-0.36121
0.60306
1.6138
2.6442
3.6664
4.6523
5.5745
6.4078
7.1295
7.7204
8.1658
8.4551
8.5828
8.5482
8.3552
8.0121
7.5311
6.9277
6.2197
5.4269
4.5701
3.6703
2.7481
1.8233
0.9138
0.036036
-0.79581
-1.5697
-2.2757
-2.9061
-3.4549
-3.918
-4.2927
-4.578
-4.7738
-4.8815
-4.9038
-4.8447
-4.7097
-4.5057
-4.2416
-3.928
-3.577
-3.2027
-2.8201
-2.4454
-2.0949
-1.7846
-1.5296
-1.3426
-1.234
-1.2106
-1.275
-1.4255
-1.6557
-1.9544
-2.3062
-2.6921
-3.09
-3.4759
-3.825
-4.113
-4.3172
-4.4177
-4.3985
-4.248
-3.9601
-3.5341
-2.9748
-2.2924
-1.5021
-0.62314
0.32184
1.3078
2.3083
3.2966
4.2465
5.1333
5.9345
6.6306
7.2053
7.6461
7.9442
8.0947
8.0967
7.9525
7.6681
7.2525
6.7171
6.076
5.3448
4.5409
3.6824
2.7883
1.8778
0.96972
0.082558
-0.76626
-1.5606
-2.2858
-2.9295
-3.4813
-3.9334
-4.2806
-4.5207
-4.6543
-4.6852
-4.6198
-4.4677
-4.2408
-3.9533
-3.6212
-3.2622
-2.8942
-2.5356
-2.204
-1.9159
-1.6857
-1.5248
-1.4419
-1.4415
-1.5241
-1.6862
-1.9197
-2.2129
-2.5502
-2.9133
-3.2816
-3.6331
-3.9455
-4.1972
-4.368
-4.4407
-4.4008
-4.2384
-3.9476
-3.5273
-2.9815
-2.3185
-1.5511
-0.69587
0.22745
1.1966
2.1875
3.1755
4.1357
5.0438
5.8773
6.6154
7.2401
7.7365
8.093
8.3016
8.3583
8.2625
8.0178
7.631
7.1123
6.475
5.735
4.9103
4.0207
3.0869
2.1306
1.173
0.23524
-0.66298
-1.5033
-2.2695
-2.9478
-3.5269
-3.9987
-4.3581
-4.6032
-4.7353
-4.7589
-4.6814
-4.513
-4.2664
-3.9562
-3.5991
-3.2128
-2.8158
-2.4266
-2.0633
-1.7429
-1.4806
-1.2892
-1.1782
-1.1541
-1.2189
-1.3707
-1.6033
-1.9061
-2.2646
-2.6608
-3.0736
-3.4803
-3.8569
-4.1792
-4.4245
-4.5718
-4.6037
-4.5066
-4.2717
-3.8955
-3.3798
-2.7322
-1.9654
-1.0965
-0.14724
0.85807
1.8927
2.9289
3.9391
4.8964
5.7762
6.5564
7.2186
7.7479
8.1336
8.3693
8.4525
8.3845
8.1704
7.818
7.3378
6.7425
6.0462
5.2643
4.4131
3.5092
2.5695
1.611
0.65033
-0.29589
-1.2116
-2.0813
-2.8902
-3.6245
-4.2715
-4.8202
-5.2616
-5.5886
-5.7973
-5.8864
-5.8582
-5.7182
-5.4759
-5.1439
-4.7383
-4.2778
-3.7834
-3.2773
-2.7825
-2.3211
-1.914
-1.5792
-1.3316
-1.1814
-1.1342
-1.1901
-1.344
-1.5854
-1.8991
-2.266
-2.6634
-3.0667
-3.4504
-3.7891
-4.059
-4.2387
-4.3103
-4.26
-4.079
-3.7634
-3.3144
-2.7381
-2.0453
-1.2507
-0.37255
0.56837
1.5493
2.5464
3.5354
4.4924
5.3948
6.221
6.9521
7.5714
8.0651
8.4225
8.6364
8.7031
8.6222
8.3969
8.0337
7.5423
6.935
6.2267
5.434
4.575
3.6685
2.7334
1.7886
0.85167
-0.060851
-0.93421
-1.7556
-2.5141
-3.201
-3.8097
-4.3352
-4.7745
-5.126
-5.3893
-5.5655
-5.6568
-5.6665
-5.5991
-5.4605
-5.2579
-5
-4.6972
-4.3613
-4.0054
-3.6436
-3.2909
-2.962
-2.6711
-2.4311
-2.2527
-2.1436
-2.108
-2.1461
-2.2537
-2.4221
-2.6384
-2.886
-3.1452
-3.3944
-3.6107
-3.7715
-3.8557
-3.8448
-3.7237
-3.482
-3.1144
-2.6209
-2.007
-1.2836
-0.46644
0.42488
1.3674
2.3359
3.3042
4.2457
5.1349
5.9478
6.663
7.2621
7.7302
8.0562
8.2326
8.2562
8.127
7.849
7.429
6.8773
6.2063
5.4311
4.5686
3.6375
2.6576
1.6495
0.6346
-0.36596
-1.3313
-2.2414
-3.0776
-3.8233
-4.4641
-4.9883
-5.3878
-5.6578
-5.7975
-5.8099
-5.7021
-5.485
-5.173
-4.7835
-4.3366
-3.8538
-3.358
-2.8716
-2.4167
-2.013
-1.6779
-1.4249
-1.2636
-1.1985
-1.2294
-1.3505
-1.5511
-1.816
-2.1256
-2.4572
-2.7858
-3.0852
-3.3292
-3.4931
-3.5546
-3.4952
-3.301
-2.9636
-2.4804
-1.8555
-1.0988
-0.22651
0.73997
1.7746
2.8479
3.9279
4.9817
5.9768
6.8821
7.6695
8.3145
8.7978
9.1052
9.2283
9.165
8.9187
8.4987
7.9189
7.1977
6.357
5.421
4.4154
3.3668
2.3013
1.2438
0.21789
-0.75555
-1.6581
-2.4744
-3.192
-3.8017
-4.2975
-4.6762
-4.9376
-5.0838
-5.1199
-5.0531
-4.8925
-4.6496
-4.3375
-3.9709
-3.5658
-3.1393
-2.7089
-2.2924
-1.9072
-1.5694
-1.2936
-1.0919
-0.97336
-0.94342
-1.0034
-1.1503
-1.3764
-1.6696
-2.0139
-2.3895
-2.7741
-3.1435
-3.4728
-3.7377
-3.9158
-3.9874
-3.9367
-3.7527
-3.4298
-2.9681
-2.3734
-1.657
-0.83516
0.071482
1.039
2.0412
3.0507
4.0399
4.9825
5.8537
6.6317
7.2979
7.8374
8.2394
8.497
8.6069
8.57
8.3901
8.0741
7.6313
7.0732
6.4131
5.6656
4.8462
3.9714
3.0583
2.1241
1.1864
0.26229
-0.63106
-1.4773
-2.2611
-2.9682
-3.5861
-4.1044
-4.515
-4.8126
-4.995
-5.0632
-5.0216
-4.8783
-4.6444
-4.3341
-3.9643
-3.5539
-3.1232
-2.6932
-2.2845
-1.9167
-1.6073
-1.371
-1.2189
-1.158
-1.1906
-1.3142
-1.5215
-1.8006
-2.1354
-2.5063
-2.8913
-3.2665
-3.6074
-3.8902
-4.0925
-4.1947
-4.1807
-4.0387
-3.7617
-3.3478
-2.8004
-2.128
-1.3438
-0.46526
0.48656
1.4879
2.5131
3.5355
4.5285
5.466
6.3238
7.0798
7.7148
8.2131
8.5626
8.7553
8.7874
8.6589
8.3742
7.9414
7.3722
6.6813
5.8866
5.0077
4.0663
3.085
2.0869
1.095
0.13139
-0.78312
-1.6297
-2.392
-3.0563
-3.6124
-4.0531
-4.375
-4.5781
-4.6659
-4.6451
-4.5254
-4.3193
-4.0412
-3.7075
-3.3358
-2.9443
-2.5511
-2.174
-1.8296
-1.533
-1.2968
-1.1312
-1.0434
-1.037
-1.1124
-1.2661
-1.491
-1.7768
-2.1099
-2.4742
-2.8514
-3.2218
-3.565
-3.8608
-4.0898
-4.2344
-4.2792
-4.2123
-4.0252
-3.7133
-3.2767
-2.7195
-2.0505
-1.2824
-0.43162
0.4822
1.4368
2.4083
3.3713
4.3008
5.1718
5.9612
6.6477
7.213
7.6424
7.9248
8.0534
8.026
7.8445
7.5155
7.0492
6.4597
5.7643
4.9823
4.1353
3.2454
2.3354
1.4273
0.54205
-0.30109
-1.0852
-1.7959
-2.4217
-2.9544
-3.3887
-3.7221
-3.9553
-4.0916
-4.1364
-4.0975
-3.9844
-3.808
-3.5804
-3.3147
-3.0245
-2.7236
-2.4258
-2.1445
-1.8925
-1.6812
-1.5208
-1.4194
-1.3827
-1.414
-1.5135
-1.6782
-1.9021
-2.1757
-2.4866
-2.8198
-3.158
-3.4821
-3.7724
-4.0089
-4.1728
-4.2465
-4.2153
-4.0676
-3.7959
-3.3969
-2.8721
-2.2281
-1.4758
-0.63079
0.28744
1.2562
2.2504
3.2433
4.2078
5.1169
5.9453
6.6699
7.2706
7.7313
8.0398
8.1887
8.1754
8.0017
7.6742
7.2034
6.6034
5.8916
5.0875
4.2123
3.2881
2.3375
1.3823
0.44366
-0.45876
-1.3072
-2.086
-2.7819
-3.3843
-3.885
-4.2788
-4.563
-4.7378
-4.8061
-4.7732
-4.6474
-4.439
-4.161
-3.828
-3.4567
-3.0647
-2.6704
-2.2925
-1.9488
-1.6558
-1.4282
-1.2773
-1.2113
-1.234
-1.345
-1.5388
-1.8056
-2.1312
-2.4974
-2.8831
-3.2649
-3.6185
-3.9196
-4.1453
-4.2753
-4.2924
-4.1842
-3.9429
-3.5662
-3.0573
-2.4245
-1.6809
-0.84396
0.065591
1.0246
2.0083
2.9916
3.9498
4.8594
5.699
6.4495
7.0951
7.6227
8.0228
8.2889
8.4178
8.4092
8.2653
7.9911
7.5936
7.082
6.4671
5.7614
4.9789
4.1346
3.2449
2.3267
1.3976
0.47528
-0.42241
-1.2782
-2.0756
-2.7995
-3.4364
-3.975
-4.4065
-4.7249
-4.9276
-5.015
-4.9913
-4.864
-4.6438
-4.3446
-3.9828
-3.5771
-3.1475
-2.7148
-2.2998
-1.9226
-1.6013
-1.3515
-1.1857
-1.1123
-1.1352
-1.2536
-1.4616
-1.7486
-2.0994
-2.495
-2.913
-3.3289
-3.7167
-4.0507
-4.3063
-4.461
-4.4959
-4.3965
-4.1533
-3.7622
-3.2252
-2.5499
-1.7496
-0.84249
0.1491
1.1994
2.2804
3.3629
4.4177
5.4167
6.3337
7.1453
7.8317
8.3774
8.7708
9.0053
9.0783
8.9918
8.7515
8.3668
7.8499
7.2157
6.4808
5.6635
4.7828
3.8582
2.9092
1.9551
1.0144
0.1048
-0.75731
-1.557
-2.281
-2.918
-3.4589
-3.8971
-4.2283
-4.4514
-4.568
-4.5829
-4.5038
-4.3414
-4.109
-3.8224
-3.499
-3.1577
-2.8177
-2.4981
-2.2168
-1.9896
-1.8297
-1.7468
-1.7462
-1.829
-1.9914
-2.2248
-2.5165
-2.8495
-3.2038
-3.5572
-3.8859
-4.1663
-4.3757
-4.4935
-4.5022
-4.3883
-4.1429
-3.7623
-3.2477
-2.6059
-1.8484
-0.99098
-0.05343
0.94162
1.9694
3.0041
4.0194
4.9898
5.891
6.7008
7.3998
7.9715
8.403
8.685
8.812
8.7824
8.598
8.2645
7.7908
7.1889
6.4733
5.6611
4.7711
3.8235
2.8395
1.8406
0.84823
-0.11693
-1.0353
-1.8889
-2.662
-3.341
-3.9155
-4.3778
-4.7233
-4.9509
-5.0627
-5.0637
-4.9622
-4.769
-4.4974
-4.1627
-3.7817
-3.3723
-2.9529
-2.5419
-2.1568
-1.8139
-1.5274
-1.3094
-1.1687
-1.1108
-1.1374
-1.2467
-1.4325
-1.6852
-1.9916
-2.3356
-2.6985
-3.0601
-3.3993
-3.6948
-3.9266
-4.076
-4.127
-4.0671
-3.8872
-3.5826
-3.1532
-2.6031
-1.9409
-1.1794
-0.3347
0.57367
1.5239
2.4926
3.4551
4.387
5.2641
6.0638
6.7652
7.3503
7.804
8.1147
8.2748
8.2805
8.1325
7.8352
7.3972
6.8308
6.1514
5.3773
4.5288
3.6278
2.6969
1.7588
0.83518
-0.053436
-0.88869
-1.6548
-2.3389
-2.9314
-3.426
-3.8198
-4.1128
-4.3083
-4.4116
-4.4305
-4.3742
-4.2531
-4.0784
-3.8616
-3.6141
-3.3474
-3.0719
-2.7978
-2.5342
-2.2895
-2.0709
-1.8847
-1.7358
-1.628
-1.5637
-1.5439
-1.5678
-1.6333
-1.7365
-1.8717
-2.032
-2.2089
-2.3926
-2.5727
-2.7381
-2.8773
-2.9792
-3.0333
-3.0299
-2.9607
-2.8188
-2.5993
-2.2992
-1.9177
-1.4562
-0.91836
-0.30995
0.36097
1.0843
1.8479
2.638
3.439
4.2342
5.0057
5.7351
6.404
6.9941
7.4885
7.8717
8.1307
8.2554
8.2391
8.0793
7.7774
7.3397
6.7766
6.1025
5.3357
4.4971
3.6099
2.6983
1.7867
0.89839
0.054945
-0.72493
-1.4259
-2.0366
-2.5497
-2.9622
-3.2747
-3.4916
-3.6201
-3.6694
-3.6505
-3.5749
-3.454
-3.2989
-3.1192
-2.9235
-2.7186
-2.5098
-2.3009
-2.0944
-1.8918
-1.694
-1.5015
-1.3148
-1.1346
-0.96192
-0.79835
-0.64593
-0.50724
-0.38525
-0.2832
-0.20447
-0.1524
-0.13012
-0.14034
-0.18526
-0.26637
-0.38434
-0.53886
-0.72859
-0.95102
-1.2024
-1.4778
-1.771
-2.0746
-2.3802
-2.6783
-2.959
-3.2121
-3.4273
-3.5951
-3.7066
-3.7545
-3.7332
-3.6392
-3.4713
-3.2305
-2.9203
-2.5465
-2.1165
-1.6392
-1.1245
-0.58271
-0.023812
0.54274
1.1086
1.6667
2.2116
2.7393
3.2471
3.7331
4.1965
4.6361
5.0507
5.4381
5.7952
6.1173
6.3986
6.6316
6.8083
6.92
6.9579
6.9144
6.7831
6.5599
6.2432
5.8349
5.3401
4.7673
4.1285
3.4381
2.7131
1.9715
1.2322
0.51339
-0.16768
-0.796
-1.3592
-1.8482
-2.257
-2.5836
-2.8289
-2.9968
-3.0938
-3.1278
-3.1081
-3.0445
-2.9462
-2.8222
-2.6799
-2.5257
-2.3644
-2.1995
-2.0333
-1.867
-1.7015
-1.5373
-1.3752
-1.2163
-1.062
-0.91467
-0.77713
-0.6526
-0.54452
-0.45622
-0.39062
-0.3499
-0.33527
-0.34673
-0.38307
-0.44184
-0.51955
-0.61195
-0.71433
-0.82203
-0.93077
-1.0372
-1.1389
-1.2352
-1.3268
-1.4157
-1.5052
-1.5996
-1.7035
-1.8213
-1.9566
-2.1118
-2.2873
-2.4813
-2.6896
-2.9054
-3.12
-3.3224
-3.5005
-3.6418
-3.7339
-3.7655
-3.7272
-3.6122
-3.4168
-3.1407
-2.787
-2.3621
-1.8755
-1.3387
-0.76473
-0.16747
0.4396
1.044
1.6348
2.2036
2.7441
3.2529
3.7286
4.172
4.5848
4.9696
5.3289
5.6639
5.9746
6.2591
6.5129
6.7297
6.9012
7.0174
7.068
7.0424
6.9313
6.7274
6.4259
6.0258
5.5298
4.945
4.2822
3.5564
2.7851
1.9887
1.1883
0.40555
-0.33891
-1.0264
-1.6408
-2.1698
-2.6047
-2.9411
-3.1786
-3.3206
-3.3736
-3.3469
-3.2517
-3.1002
-2.905
-2.6783
-2.4318
-2.1756
-1.9185
-1.6677
-1.4287
-1.2059
-1.0024
-0.82035
-0.66137
-0.52654
-0.41672
-0.33251
-0.27433
-0.24233
-0.23626
-0.25536
-0.29821
-0.36266
-0.44576
-0.54388
-0.65278
-0.76788
-0.88454
-0.99846
-1.1059
-1.2044
-1.2924
-1.3702
-1.4395
-1.5034
-1.5663
-1.6337
-1.7112
-1.8042
-1.9176
-2.0545
-2.2164
-2.4024
-2.6089
-2.8299
-3.0568
-3.2789
-3.4843
-3.66
-3.793
-3.8715
-3.885
-3.8256
-3.6884
-3.4717
-3.1773
-2.8103
-2.3791
-1.894
-1.3674
-0.81258
-0.24263
0.33001
0.89444
1.4419
1.9658
2.4625
2.9304
3.3701
3.7836
4.174
4.5443
4.8969
5.2328
5.5514
5.8498
6.1228
6.363
6.5613
6.7073
6.7902
6.7995
6.7261
6.5628
6.3056
5.9536
5.51
4.9818
4.3796
3.7176
3.0126
2.2831
1.5486
0.82839
0.14081
-0.498
-1.0746
-1.5791
-2.0049
-2.3497
-2.6142
-2.8029
-2.9226
-2.9821
-2.9915
-2.9612
-2.9013
-2.821
-2.7277
-2.6273
-2.5236
-2.4185
-2.3122
-2.2034
-2.0903
-1.9702
-1.841
-1.7009
-1.5494
-1.3869
-1.2156
-1.0388
-0.86136
-0.68875
-0.52717
-0.38283
-0.26155
-0.16827
-0.10666
-0.078838
-0.085177
-0.12431
-0.19328
-0.28775
-0.40246
-0.53167
-0.66965
-0.81122
-0.95215
-1.0896
-1.2221
-1.35
-1.4749
-1.5999
-1.7287
-1.8653
-2.0135
-2.1762
-2.3547
-2.5488
-2.7558
-2.9708
-3.1869
-3.395
-3.5846
-3.7443
-3.8625
-3.9282
-3.9318
-3.8655
-3.7239
-3.5048
-3.2087
-2.8392
-2.4025
-1.9071
-1.3632
-0.78193
-0.17485
0.44689
1.0729
1.6942
2.303
2.8933
3.4603
4.0005
4.5108
4.9885
5.4304
5.8329
6.191
6.4989
6.7496
6.935
7.0469
7.0769
7.0177
6.8632
6.61
6.2573
5.8076
5.2673
4.6464
3.9582
3.2193
2.4482
1.6653
0.89091
0.14519
-0.55353
-1.1893
-1.7496
-2.2254
-2.6117
-2.9075
-3.1157
-3.2422
-3.2955
-3.286
-3.2249
-3.1237
-2.9932
-2.8429
-2.6809
-2.5131
-2.3437
-2.175
-2.0079
-1.8423
-1.6773
-1.5122
-1.3465
-1.1804
-1.0153
-0.85338
-0.69798
-0.55319
-0.42359
-0.31383
-0.22823
-0.17029
-0.14241
-0.14554
-0.1791
-0.24094
-0.32753
-0.43424
-0.55573
-0.68649
-0.82126
-0.9556
-1.0862
-1.2114
-1.3309
-1.4462
-1.5602
-1.6767
-1.8003
-1.9353
-2.0854
-2.253
-2.4387
-2.6411
-2.8559
-3.0768
-3.2948
-3.4995
-3.6789
-3.8206
-3.9125
-3.9434
-3.9043
-3.7885
-3.5926
-3.3164
-2.9631
-2.5393
-2.0541
-1.5191
-0.94705
-0.3515
0.25432
0.85813
1.4493
2.0192
2.5616
3.0726
3.5502
3.9944
4.406
4.7866
5.1374
5.4587
5.7496
6.0074
6.2276
6.4041
6.529
6.5939
6.5897
6.5082
6.3423
6.0873
5.7411
5.3049
4.7837
4.1861
3.524
2.8126
2.0693
1.313
0.56329
-0.16065
-0.84091
-1.4617
-2.01
-2.4762
-2.854
-3.1408
-3.3376
-3.4482
-3.479
-3.4385
-3.3365
-3.1836
-2.9904
-2.7673
-2.5241
-2.2696
-2.0115
-1.7565
-1.5103
-1.2777
-1.0628
-0.86882
-0.69866
-0.55461
-0.43848
-0.35151
-0.29433
-0.26685
-0.26818
-0.29657
-0.34945
-0.42346
-0.51466
-0.61871
-0.73118
-0.84788
-0.96515
-1.0802
-1.1915
-1.2986
-1.4025
-1.5054
-1.6105
-1.7218
-1.8434
-1.9792
-2.1323
-2.3045
-2.496
-2.7046
-2.9264
-3.1548
-3.3814
-3.5963
-3.7882
-3.9454
-4.0562
-4.11
-4.0977
-4.012
-3.8484
-3.6052
-3.2833
-2.8865
-2.4212
-1.8956
-1.3197
-0.70427
-0.060584
0.60017
1.2673
1.931
2.5824
3.2136
3.8177
4.3886
4.9205
5.4078
5.8452
6.2268
6.5466
6.7984
6.9759
7.073
7.0843
7.0053
6.8334
6.5677
6.2099
5.7644
5.2385
4.6419
3.9874
3.2894
2.5643
1.829
1.1009
0.39657
-0.26859
-0.88123
-1.4304
-1.9081
-2.3091
-2.6313
-2.8751
-3.0437
-3.142
-3.1765
-3.1545
-3.0839
-2.9725
-2.8278
-2.6567
-2.4653
-2.2592
-2.0429
-1.821
-1.5974
-1.3759
-1.1605
-0.95517
-0.76403
-0.59131
-0.44112
-0.31729
-0.22309
-0.16095
-0.13222
-0.13702
-0.17406
-0.24069
-0.33302
-0.44612
-0.57437
-0.7119
-0.85302
-0.99267
-1.1269
-1.253
-1.37
-1.4785
-1.5808
-1.6802
-1.7811
-1.8881
-2.0057
-2.1374
-2.2855
-2.4501
-2.6295
-2.8193
-3.0129
-3.2016
-3.3752
-3.5223
-3.6313
-3.6912
-3.692
-3.6258
-3.4872
-3.2739
-2.9863
-2.6284
-2.2066
-1.73
-1.2092
-0.65601
-0.082564
0.49953
1.0797
1.6489
2.2
2.728
3.2294
3.7029
4.1478
4.5644
4.9528
5.3127
5.6427
5.9399
6.1998
6.4162
6.5818
6.6881
6.7263
6.6879
6.5655
6.3537
6.0495
5.653
5.168
4.6017
3.9649
3.2715
2.5381
1.7831
1.0258
0.28558
-0.41904
-1.0715
-1.6576
-2.1664
-2.5906
-2.9263
-3.1734
-3.3348
-3.4165
-3.4265
-3.3743
-3.2705
-3.1256
-2.9497
-2.7521
-2.541
-2.3228
-2.103
-1.8854
-1.673
-1.4677
-1.2711
-1.0845
-0.90933
-0.74703
-0.59952
-0.46894
-0.35763
-0.26795
-0.20204
-0.16158
-0.14754
-0.16003
-0.19814
-0.25995
-0.34257
-0.44233
-0.55505
-0.67634
-0.80198
-0.92825
-1.0523
-1.1723
-1.2877
-1.3991
-1.5083
-1.6181
-1.7316
-1.8522
-1.9831
-2.1264
-2.2833
-2.4531
-2.6336
-2.8206
-3.0081
-3.1888
-3.3537
-3.4937
-3.5991
-3.6609
-3.6711
-3.6234
-3.5131
-3.3382
-3.0988
-2.7972
-2.4382
-2.0279
-1.5741
-1.0853
-0.57024
-0.037563
0.50471
1.0495
1.5907
2.1235
2.644
3.1492
3.6366
4.1038
4.5484
4.9672
5.3563
5.7107
6.0245
6.2908
6.5018
6.6497
6.7266
6.7253
6.6397
6.4658
6.2016
5.8478
5.4079
4.8886
4.2992
3.6517
2.9604
2.2412
1.5109
0.78659
0.085012
-0.57831
-1.1896
-1.7374
-2.2129
-2.6102
-2.9264
-3.1614
-3.3178
-3.4005
-3.4163
-3.3732
-3.2801
-3.1463
-2.9808
-2.7922
-2.5882
-2.3756
-2.1599
-1.9456
-1.7363
-1.5347
-1.3427
-1.162
-0.99381
-0.83936
-0.69986
-0.57655
-0.4707
-0.38354
-0.31615
-0.26932
-0.24338
-0.23812
-0.25269
-0.28558
-0.33469
-0.39741
-0.47082
-0.55195
-0.63804
-0.72679
-0.81665
-0.90698
-0.99818
-1.0917
-1.1899
-1.2958
-1.413
-1.5448
-1.6942
-1.8633
-2.0526
-2.261
-2.4852
-2.7201
-2.9581
-3.1902
-3.4058
-3.5934
-3.7414
-3.8387
-3.8754
-3.8435
-3.7376
-3.555
-3.2963
-2.965
-2.5676
-2.1133
-1.613
-1.079
-0.52404
0.039391
0.5998
1.1473
1.674
2.1744
2.6452
3.0855
3.4961
3.8791
4.2375
4.5742
4.8916
5.1907
5.4712
5.7305
5.9642
6.1657
6.3268
6.4384
6.4904
6.4733
6.3784
6.1987
5.9298
5.5701
5.1216
4.5898
3.9837
3.3156
2.6006
1.8562
1.1009
0.35426
-0.36494
-1.0389
-1.652
-2.1911
-2.6463
-3.0113
-3.2833
-3.463
-3.5544
-3.5643
-3.5017
-3.3774
-3.2031
-2.9907
-2.7521
-2.4983
-2.2391
-1.9828
-1.7363
-1.5048
-1.292
-1.1
-0.93024
-0.78288
-0.65765
-0.55386
-0.4706
-0.40689
-0.36175
-0.33422
-0.32332
-0.32804
-0.34724
-0.37965
-0.42379
-0.47809
-0.54087
-0.61049
-0.68547
-0.76468
-0.84746
-0.93376
-1.0242
-1.12
-1.2232
-1.3358
-1.4605
-1.5995
-1.7544
-1.9261
-2.114
-2.3162
-2.5286
-2.7458
-2.9602
-3.163
-3.3442
-3.4932
-3.5994
-3.6531
-3.6459
-3.5712
-3.4251
-3.2065
-2.9169
-2.5612
-2.1466
-1.6826
-1.1801
-0.65109
-0.10736
0.43979
0.98044
1.5065
2.0121
2.4936
2.9497
3.3809
3.789
4.1768
4.5468
4.9013
5.2408
5.5642
5.8683
6.1474
6.3937
6.5976
6.7483
6.8344
6.8449
6.7703
6.6029
6.3384
5.9758
5.5182
4.9727
4.3503
3.6658
2.9365
2.1821
1.4229
0.67939
-0.028976
-0.68494
-1.2741
-1.7855
-2.2121
-2.5509
-2.8028
-2.972
-3.0661
-3.0944
-3.0681
-2.9988
-2.898
-2.7762
-2.6425
-2.5043
-2.3667
-2.2329
-2.104
-1.9794
-1.8577
-1.7362
-1.6126
-1.4844
-1.3503
-1.2097
-1.0636
-0.91421
-0.7651
-0.62084
-0.48678
-0.36853
-0.27159
-0.2008
-0.15995
-0.1514
-0.17585
-0.2322
-0.3176
-0.42762
-0.55654
-0.69781
-0.84455
-0.99006
-1.1284
-1.2549
-1.3663
-1.4616
-1.5413
-1.6081
-1.6664
-1.7215
-1.7799
-1.8477
-1.9307
-2.0334
-2.1586
-2.3066
-2.4753
-2.6599
-2.8531
-3.0452
-3.2251
-3.3802
-3.4982
-3.5669
-3.5758
-3.5166
-3.3835
-3.1743
-2.8899
-2.5347
-2.1161
-1.6443
-1.1311
-0.58966
-0.033173
0.52566
1.0756
1.6072
2.1139
2.5913
3.0378
3.4541
3.8427
4.207
4.5511
4.8784
5.1911
5.4898
5.7725
6.0349
6.2701
6.469
6.6209
6.7141
6.7368
6.6783
6.5296
6.2849
5.9415
5.5012
4.9699
4.3577
3.679
2.9512
2.1944
1.43
0.67966
-0.035666
-0.69711
-1.2887
-1.7982
-2.2175
-2.5431
-2.7757
-2.92
-2.9843
-2.9796
-2.9185
-2.8146
-2.6815
-2.5316
-2.376
-2.2235
-2.0805
-1.9508
-1.8358
-1.735
-1.6461
-1.5656
-1.4897
-1.4144
-1.3366
-1.2536
-1.1645
-1.0691
-0.969
-0.86651
-0.76496
-0.66808
-0.57972
-0.50342
-0.44216
-0.39803
-0.3722
-0.36481
-0.37514
-0.40177
-0.44286
-0.4965
-0.561
-0.63517
-0.71858
-0.81162
-0.91555
-1.0323
-1.1643
-1.3139
-1.4833
-1.6738
-1.8853
-2.1162
-2.363
-2.6198
-2.879
-3.1309
-3.3646
-3.568
-3.729
-3.8358
-3.8777
-3.8463
-3.7352
-3.5413
-3.2643
-2.9075
-2.477
-1.9815
-1.4321
-0.84105
-0.22145
0.41365
1.0519
1.6823
2.2953
2.8837
3.4417
3.9656
4.4531
4.9029
5.314
5.6855
6.016
6.303
6.543
6.7312
6.8619
6.9285
6.9242
6.8427
6.6787
6.4285
6.0908
5.6673
5.1625
4.5844
3.9441
3.2553
2.5343
1.7985
1.0662
0.35563
-0.31643
-0.93496
-1.4876
-1.9651
-2.3618
-2.6754
-2.9071
-3.0611
-3.1443
-3.1652
-3.1337
-3.0601
-2.9543
-2.8257
-2.6822
-2.5302
-2.3743
-2.2177
-2.0619
-1.9072
-1.7534
-1.5998
-1.4455
-1.2905
-1.1352
-0.98095
-0.83005
-0.68564
-0.55148
-0.4317
-0.33043
-0.25141
-0.19765
-0.17112
-0.17252
-0.20118
-0.25509
-0.33103
-0.42487
-0.5319
-0.64728
-0.76645
-0.8856
-1.002
-1.1142
-1.2223
-1.3277
-1.4332
-1.5422
-1.6589
-1.7871
-1.9302
-2.09
-2.2671
-2.4596
-2.6636
-2.8728
-3.0787
-3.2714
-3.4396
-3.5715
-3.6557
-3.6817
-3.641
-3.5273
-3.3375
-3.0713
-2.732
-2.3257
-1.8612
-1.3494
-0.80251
-0.23333
0.34561
0.92276
1.4882
2.0339
2.5543
3.046
3.5076
3.9397
4.3435
4.721
5.0739
5.403
5.7077
5.9856
6.2324
6.4418
6.6059
6.7158
6.7618
6.7349
6.6269
6.4316
6.1457
5.7688
5.3044
4.7596
4.1449
3.4744
2.7645
2.0335
1.3005
0.58444
-0.096645
-0.72687
-1.293
-1.7852
-2.1971
-2.526
-2.7729
-2.9419
-3.0395
-3.0744
-3.0563
-2.9953
-2.9015
-2.7838
-2.65
-2.5063
-2.357
-2.205
-2.0518
-1.8978
-1.7428
-1.5865
-1.4287
-1.27
-1.1116
-0.95589
-0.8061
-0.66626
-0.54092
-0.43474
-0.35211
-0.29671
-0.2711
-0.27643
-0.31228
-0.37656
-0.46566
-0.57465
-0.69773
-0.82865
-0.96128
-1.0901
-1.2108
-1.3206
-1.4184
-1.505
-1.5831
-1.6568
-1.7314
-1.8125
-1.9059
-2.0163
-2.147
-2.2993
-2.4723
-2.6621
-2.8625
-3.0649
-3.2586
-3.4316
-3.5716
-3.6661
-3.7041
-3.6764
-3.5762
-3.4
-3.1473
-2.8211
-2.4276
-1.9755
-1.4758
-0.9406
-0.3827
0.18545
0.75242
1.3084
1.8456
2.3586
2.8442
3.3011
3.73
4.1323
4.5101
4.8653
5.1989
5.5106
5.7984
6.0583
6.2846
6.4699
6.6056
6.6827
6.692
6.6254
6.4764
6.2406
5.9168
5.5066
5.0153
4.4514
3.8264
3.1544
2.4517
1.7355
1.0234
0.33269
-0.32069
-0.92279
-1.4622
-1.9304
-2.3221
-2.635
-2.8699
-3.0304
-3.122
-3.1521
-3.1292
-3.0622
-2.96
-2.8309
-2.6825
-2.5209
-2.3515
-2.1778
-2.0028
-1.8282
-1.6552
-1.4845
-1.317
-1.1536
-0.9957
-0.84509
-0.70419
-0.57582
-0.46308
-0.36912
-0.29685
-0.24867
-0.22617
-0.22996
-0.25946
-0.31291
-0.38741
-0.47912
-0.58353
-0.6958
-0.8112
-0.92554
-1.0355
-1.1392
-1.2359
-1.3267
-1.4141
-1.502
-1.5949
-1.6981
-1.8166
-1.9545
-2.1147
-2.2982
-2.5036
-2.7271
-2.9622
-3.2001
-3.4299
-3.6392
-3.8148
-3.9439
-4.0144
-4.0159
-3.9408
-3.7844
-3.5453
-3.2262
-2.8327
-2.3739
-1.8613
-1.308
-0.72836
-0.13643
0.45444
1.0326
1.5885
2.1153
2.6089
3.0679
3.4931
3.887
4.2534
4.5963
4.9193
5.2246
5.513
5.7828
6.03
6.2483
6.4295
6.5636
6.64
6.648
6.578
6.422
6.1745
5.8334
5.4001
4.88
4.2822
3.6194
2.9072
2.1635
1.4075
0.65907
-0.062765
-0.74031
-1.3582
-1.9039
-2.3685
-2.7465
-3.0361
-3.239
-3.3598
-3.4056
-3.3855
-3.3097
-3.1888
-3.0333
-2.853
-2.6567
-2.4517
-2.244
-2.0378
-1.8364
-1.6417
-1.4551
-1.2772
-1.1086
-0.9502
-0.80286
-0.66797
-0.54726
-0.44274
-0.35654
-0.29067
-0.24679
-0.22599
-0.2286
-0.25401
-0.30072
-0.36631
-0.44765
-0.54112
-0.64294
-0.74948
-0.85766
-0.9652
-1.0709
-1.1748
-1.2782
-1.3834
-1.4937
-1.6128
-1.7444
-1.8917
-2.057
-2.2411
-2.4427
-2.6584
-2.8828
-3.1082
-3.3248
-3.5218
-3.6875
-3.8099
-3.878
-3.8821
-3.8148
-3.6714
-3.4503
-3.153
-2.7846
-2.3528
-1.8679
-1.342
-0.7881
-0.21942
0.3515
0.91351
1.4575
1.9766
2.4666
2.9259
3.355
3.756
4.1323
4.4877
4.8253
5.1474
5.4544
5.7449
6.0147
6.2576
6.4653
6.6279
6.7345
6.7742
6.7368
6.6138
6.3991
6.0897
5.6862
5.1931
4.6185
3.9743
3.2754
2.5391
1.7842
1.0302
0.29616
-0.40006
-1.0427
-1.6185
-2.1179
-2.5342
-2.8645
-3.1093
-3.2719
-3.358
-3.3755
-3.3332
-3.2407
-3.1077
-2.9433
-2.7558
-2.5524
-2.3392
-2.1211
-1.902
-1.6847
-1.4718
-1.2653
-1.0671
-0.87938
-0.7043
-0.54433
-0.40207
-0.28015
-0.18107
-0.10689
-0.059097
-0.038381
-0.04448
-0.076133
-0.13111
-0.20633
-0.29808
-0.40232
-0.51501
-0.63244
-0.75162
-0.8705
-0.98821
-1.1051
-1.2228
-1.3437
-1.4712
-1.6087
-1.7596
-1.9264
-2.1105
-2.3116
-2.5275
-2.754
-2.9844
-3.2104
-3.4221
-3.6083
-3.7577
-3.8591
-3.9025
-3.8796
-3.7844
-3.6138
-3.3678
-3.0494
-2.6649
-2.2229
-1.7343
-1.2113
-0.66667
-0.11304
0.43788
0.97599
1.4933
1.9842
2.4455
2.8767
3.2789
3.6552
4.0093
4.3454
4.6671
4.9769
5.2757
5.5624
5.8336
6.0837
6.3051
6.4886
6.6239
6.7008
6.7091
6.64
6.4868
6.2454
5.9144
5.4962
4.9964
4.4239
3.7906
3.1108
2.4008
1.6777
0.95903
0.26187
-0.39807
-1.0069
-1.5533
-2.0283
-2.4264
-2.7447
-2.9832
-3.1444
-3.2331
-3.2557
-3.2197
-3.1334
-3.0054
-2.8441
-2.6573
-2.4524
-2.2357
-2.0128
-1.7887
-1.5673
-1.3525
-1.1473
-0.95471
-0.77762
-0.61865
-0.48032
-0.36493
-0.2744
-0.21018
-0.17303
-0.1629
-0.1788
-0.2188
-0.28
-0.35872
-0.45067
-0.55126
-0.65596
-0.76062
-0.86194
-0.9577
-1.0471
-1.1308
-1.211
-1.2914
-1.3766
-1.472
-1.583
-1.7148
-1.8711
-2.0544
-2.2648
-2.4999
-2.7547
-3.0216
-3.2906
-3.5497
-3.7857
-3.9849
-4.1337
-4.22
-4.2334
-4.1666
-4.0152
-3.7784
-3.4592
-3.0638
-2.6016
-2.0844
-1.5256
-0.93929
-0.3397
0.26003
0.84831
1.4158
1.9555
2.4631
2.937
3.3773
3.7861
4.1664
4.5213
4.8537
5.1655
5.4569
5.7263
5.9699
6.1821
6.3556
6.4818
6.5515
6.5554
6.4854
6.3346
6.0984
5.7751
5.3658
4.8753
4.3112
3.6844
3.0083
2.2984
1.5714
0.84469
0.13539
-0.54032
-1.1679
-1.735
-2.2318
-2.6516
-2.9906
-3.2477
-3.4248
-3.5261
-3.5577
-3.5274
-3.4437
-3.3158
-3.1527
-2.9632
-2.7552
-2.536
-2.3114
-2.0866
-1.8654
-1.651
-1.4455
-1.2508
-1.0682
-0.89868
-0.74337
-0.60326
-0.47937
-0.37278
-0.2845
-0.21544
-0.16632
-0.13752
-0.12906
-0.14053
-0.17104
-0.21932
-0.28373
-0.36244
-0.45351
-0.55511
-0.66563
-0.78384
-0.90896
-1.0407
-1.1794
-1.3255
-1.4801
-1.6439
-1.8178
-2.002
-2.196
-2.3984
-2.6066
-2.8167
-3.0234
-3.2202
-3.3997
-3.5532
-3.6719
-3.7466
-3.7687
-3.7302
-3.6245
-3.4466
-3.1937
-2.8652
-2.4631
-1.9919
-1.4587
-0.87269
-0.24526
0.41071
1.0813
